Loaded 3616103 Gaussians
min xyz= [-64.89617, -82.048355, -71.523445]
max xyz= [54.875557, 14.872151, 97.003265]
scale=[-2.5286074, -3.1825042, -2.952459]
scale=[-1.757494, -2.7354493, -2.638297]
scale=[-1.7379164, -2.941525, -3.18042]
scale=[-2.7834897, -3.1169534, -3.2833927]
scale=[-2.521427, -3.8790383, -3.1710746]
scale=[-2.642719, -4.5790205, -3.5761447]
scale=[-1.3759693, -2.761966, -2.2850583]
scale=[-1.9694563, -2.4566722, -1.2950062]
scale=[-1.9125236, -2.1227133, -1.989175]
scale=[-2.2443147, -1.6822757, -1.3180498]
scale=[-3.380505, -2.747281, -2.3855686]
scale=[-2.9058049, -3.2641718, -3.0045748]
scale=[-2.905453, -3.262861, -3.0040395]
scale=[-3.2334485, -3.8099077, -3.7652378]
scale=[-3.3124092, -4.031719, -3.92234]
scale=[-2.878777, -3.5645444, -3.4798024]
scale=[-3.102178, -3.9428935, -3.8479695]
scale=[-2.260967, -2.8637342, -2.5443637]
scale=[-2.9058068, -3.2641919, -3.0045834]
scale=[-2.695743, -2.3095093, -2.359798]
scale=[-3.2235537, -2.5902665, -2.228313]
scale=[-3.090745, -2.7474954, -2.3855782]
scale=[-3.0907958, -2.7475243, -2.3856075]
scale=[-1.2804888, -2.1950839, -1.9580526]
scale=[-2.9391477, -3.6012547, -3.202453]
scale=[-2.3220866, -2.955845, -2.5258505]
scale=[-2.9466844, -3.6014917, -3.2028291]
scale=[-2.2874007, -3.2229905, -2.8117652]
scale=[-2.5754995, -3.5697498, -3.1240757]
scale=[-3.0788102, -3.552312, -3.6195238]
scale=[-3.1716404, -3.119433, -3.779343]
scale=[-3.1898067, -3.1050832, -3.7638924]
scale=[-2.904613, -3.2586725, -3.0026212]
scale=[-1.2840804, -2.3876653, -2.2607703]
scale=[-1.2308326, -2.2108817, -2.0690975]
scale=[-1.938199, -2.3340483, -2.077056]
scale=[-1.355625, -1.966864, -1.8249751]
scale=[-1.2818274, -1.6640154, -1.4672045]
scale=[-2.0047443, -1.2805867, -1.1484698]
scale=[-1.7662908, -1.2633704, -1.1153033]
scale=[-2.1878765, -1.4945686, -1.582514]
scale=[-2.34485, -1.6701888, -1.3700734]
scale=[-1.7699934, -0.69310576, -1.1940235]
scale=[-1.8558351, -1.1313852, -1.2281213]
scale=[-2.2777379, -1.4359617, -1.3808585]
scale=[-2.0847213, -1.254941, -1.4298795]
scale=[-2.3464282, -1.4326658, -1.4328339]
scale=[-3.653163, -2.9713674, -1.8645889]
scale=[-3.574266, -2.7934332, -1.5122768]
scale=[-4.5174375, -3.4722955, -2.5175662]
scale=[-4.0847907, -3.1771033, -1.6109363]
scale=[-4.3635645, -3.5306213, -2.0896256]
scale=[-4.609655, -3.194879, -2.371317]
scale=[-4.006398, -3.0324662, -1.941207]
scale=[-4.5025682, -3.0283897, -3.0208023]
scale=[-3.473783, -2.8449404, -1.6351944]
scale=[-3.9535134, -3.0976033, -2.4737687]
scale=[-4.07322, -3.0094228, -2.2857885]
scale=[-3.867669, -3.117612, -2.5490274]
scale=[-3.7234893, -3.0973775, -3.1120431]
scale=[-4.110499, -3.308925, -1.9690695]
scale=[-2.4734616, -1.0796536, -1.8186921]
scale=[-2.0252826, -0.70135295, -1.024926]
scale=[-3.7712655, -3.0416343, -1.6645674]
scale=[-3.0463874, -2.6524036, -1.0938325]
scale=[-3.9834013, -3.3122728, -2.241394]
scale=[-2.799355, -1.80668, -1.8355579]
scale=[-3.068409, -2.2587714, -2.0357516]
scale=[-4.3078985, -3.6578217, -2.154567]
scale=[-4.1372333, -3.4939818, -2.1570992]
scale=[-3.210699, -1.5262109, -1.9584447]
scale=[-2.7313216, -2.02595, -1.9366225]
scale=[-2.626005, -2.0965257, -1.7680053]
scale=[-2.7757907, -1.7399445, -1.4583415]
scale=[-2.2662392, -2.0505283, -1.2588685]
scale=[-1.9645995, -1.7899606, -1.003709]
scale=[-2.0063694, -1.7813065, -1.0553738]
scale=[-2.6918445, -2.265639, -2.0360923]
scale=[-2.5168297, -2.5310264, -2.6256282]
scale=[-4.0961075, -2.2782316, -3.2476504]
scale=[-3.4265537, -2.4709055, -2.5634203]
scale=[-4.0245924, -2.2385595, -3.222674]
scale=[-4.369229, -2.1231031, -3.5421147]
scale=[-3.253271, -1.2689905, -2.2113662]
scale=[-3.38148, -2.546967, -1.769848]
scale=[-5.452274, -2.956214, -4.5804386]
scale=[-5.4127083, -2.8462586, -4.5385656]
scale=[-2.4184918, -1.2908133, -1.3484848]
scale=[-4.0381665, -2.7423067, -2.9011045]
scale=[-4.3379593, -2.3657367, -3.5122802]
scale=[-3.3365357, -2.5410378, -1.7206318]
scale=[-4.519925, -4.59815, -2.8272254]
scale=[-4.504252, -4.5967774, -2.9379091]
scale=[-3.9955196, -4.009334, -2.6502776]
scale=[-4.142239, -4.088082, -3.0593312]
scale=[-3.9875271, -3.0648057, -3.0856414]
scale=[-4.1997633, -3.2719994, -3.5339234]
scale=[-3.9613385, -1.9491986, -3.0686715]
scale=[-4.385539, -2.3207161, -3.3765223]
scale=[-3.9162366, -3.9720886, -2.388014]
scale=[-3.5205011, -2.8303182, -3.0087492]
scale=[-3.1630237, -2.3766098, -2.218842]
scale=[-4.5525475, -1.9388297, -3.362534]
scale=[-5.3206096, -2.3649583, -4.0034456]
scale=[-1.9418126, -2.8731916, -1.4479188]
scale=[-2.3719103, -3.4054432, -1.5205578]
scale=[-2.789961, -3.6131964, -1.5392554]
scale=[-2.831837, -3.9611897, -2.1833274]
scale=[-3.5176132, -4.536454, -2.4886758]
scale=[-2.172124, -3.0776012, -1.2744486]
scale=[-2.823543, -3.7672005, -1.5169659]
scale=[-3.6539752, -4.5977387, -2.4125812]
scale=[-2.4592416, -2.909865, -1.825802]
scale=[-2.972381, -2.0596337, -2.1262698]
scale=[-2.8579428, -1.8205853, -1.697427]
scale=[-2.5286095, -1.5394263, -1.5787939]
scale=[-3.9461315, -2.3967717, -2.1923902]
scale=[-4.1262145, -2.2257817, -2.2102141]
scale=[-2.4766526, -2.0460844, -1.7075673]
scale=[-4.0287485, -2.9939756, -1.8472955]
scale=[-3.9995058, -2.791936, -2.716751]
scale=[-3.7205267, -2.2487056, -2.287274]
scale=[-4.553673, -3.354791, -2.7289414]
scale=[-2.793893, -1.7881953, -1.9121696]
scale=[-2.5468235, -1.602902, -1.4894747]
scale=[-2.5141017, -1.8052356, -1.9569652]
scale=[-2.855114, -2.732059, -2.6149373]
scale=[-3.5422406, -3.37873, -2.053141]
scale=[-3.2023475, -3.126776, -2.6831176]
scale=[-4.4977975, -3.3543253, -2.4805694]
scale=[-3.2931247, -2.4703624, -2.3526142]
scale=[-3.0947423, -2.1504853, -2.5613158]
scale=[-4.443533, -3.5445423, -2.2236476]
scale=[-4.2397285, -2.8960721, -2.5103836]
scale=[-3.364475, -2.8894398, -1.782164]
scale=[-4.8774624, -3.7654502, -3.6089878]
scale=[-4.485754, -3.3206878, -3.432158]
scale=[-5.740007, -4.6418686, -1.8822448]
scale=[-5.7225018, -4.7960105, -2.2747028]
scale=[-4.695784, -3.5718858, -2.5232573]
scale=[-3.3518744, -2.7646725, -2.5298367]
scale=[-2.878979, -2.6949902, -1.9804606]
scale=[-3.3699808, -2.9342122, -2.1224597]
scale=[-3.5344245, -3.051823, -2.3801687]
scale=[-3.6473024, -3.175932, -2.3384862]
scale=[-2.495773, -1.3694206, -2.0544374]
scale=[-3.185167, -2.0792756, -1.6190913]
scale=[-2.6267598, -1.4171231, -2.326996]
scale=[-3.2329319, -1.730144, -2.1041455]
scale=[-4.3766484, -3.250004, -1.877796]
scale=[-4.978288, -2.8646762, -3.0540037]
scale=[-5.200662, -3.6434512, -2.897853]
scale=[-4.952412, -3.4143827, -2.5742965]
scale=[-3.910664, -2.6831303, -2.0748036]
scale=[-4.8800244, -3.4514112, -2.7338014]
scale=[-4.8813725, -3.660885, -2.6496518]
scale=[-3.5185523, -4.314413, -2.8889604]
scale=[-4.402627, -3.4104035, -2.0050437]
scale=[-2.9147449, -3.6683154, -2.1937237]
scale=[-3.8106346, -4.2680216, -2.0802238]
scale=[-2.9478273, -3.444765, -2.3325405]
scale=[-3.737553, -4.421454, -2.1815429]
scale=[-4.339306, -3.701243, -3.0146644]
scale=[-4.1718984, -3.7444694, -3.288032]
scale=[-4.766016, -4.1016545, -3.4065373]
scale=[-4.2747045, -3.8287647, -3.1803722]
scale=[-4.7066216, -3.949345, -3.3490307]
scale=[-3.7214153, -2.8995852, -2.3621671]
scale=[-3.7510986, -3.156971, -2.307943]
scale=[-4.1759214, -3.685349, -2.2546847]
scale=[-4.413585, -3.8945625, -2.951132]
scale=[-3.5388963, -3.0554073, -3.2562873]
scale=[-3.8410099, -3.2889836, -2.8490367]
scale=[-4.740544, -4.1930175, -3.4227674]
scale=[-4.419066, -3.2487762, -2.5076041]
scale=[-3.3905792, -2.7509754, -1.9627534]
scale=[-3.3143399, -3.2062604, -2.4277532]
scale=[-3.4472032, -2.5510116, -2.8298445]
scale=[-4.48094, -4.1252546, -3.379645]
scale=[-4.9438224, -4.109648, -3.4169955]
scale=[-4.2767453, -3.6364062, -3.1282716]
scale=[-3.7265236, -3.2613885, -2.556477]
scale=[-4.1578193, -3.6693897, -3.3312352]
scale=[-4.2491775, -3.873936, -3.4361846]
scale=[-4.2380857, -3.7625577, -3.480657]
scale=[-4.635259, -4.2040405, -3.2810452]
scale=[-4.4845977, -4.1815305, -3.3143759]
scale=[-3.9135864, -4.24961, -2.3668063]
scale=[-3.4658892, -2.9708958, -2.3335173]
scale=[-3.0944052, -2.7517533, -2.395251]
scale=[-5.0816646, -4.0318584, -3.4828582]
scale=[-4.792568, -4.2516294, -2.5663798]
scale=[-5.0675197, -4.6342936, -2.9521017]
scale=[-4.083339, -3.4483845, -1.8363507]
scale=[-3.842034, -3.5769072, -3.1406498]
scale=[-2.743284, -1.7254217, -1.5751461]
scale=[-4.153293, -3.7982147, -3.3105848]
scale=[-4.801155, -3.9235764, -2.926556]
scale=[-4.2514315, -3.5945046, -2.49093]
scale=[-4.796103, -4.184244, -3.3532355]
scale=[-4.7407546, -4.144581, -2.17153]
scale=[-3.7198558, -3.6263194, -2.8890913]
scale=[-4.3766556, -4.5519104, -3.4991982]
scale=[-3.8649385, -2.1595504, -2.7082365]
scale=[-4.8174996, -2.1837242, -3.1580184]
scale=[-4.670878, -4.7431035, -3.597943]
scale=[-3.9666257, -3.988383, -3.0182931]
scale=[-3.4513566, -3.1404517, -3.0445912]
scale=[-3.6577654, -2.955106, -2.8574448]
scale=[-3.029917, -2.6987271, -3.194331]
scale=[-3.4166288, -3.1767325, -3.4270678]
scale=[-3.683924, -3.4253154, -3.5461972]
scale=[-4.452422, -3.6740494, -3.0094001]
scale=[-4.313997, -3.1717956, -2.959498]
scale=[-4.433447, -3.986344, -3.52108]
scale=[-4.620936, -2.2383978, -2.96489]
scale=[-4.6026716, -3.9414814, -3.6062996]
scale=[-2.6296196, -1.7107698, -1.8267471]
scale=[-4.456881, -3.9922307, -3.3255987]
scale=[-4.257223, -3.960378, -3.3951302]
scale=[-4.193671, -3.7880464, -3.3740854]
scale=[-2.4968991, -1.8075122, -1.4698204]
scale=[-4.270008, -3.1540728, -3.202498]
scale=[-4.3233495, -3.226592, -3.082396]
scale=[-2.844435, -2.4964907, -1.2812738]
scale=[-4.3918247, -2.9711726, -2.5429902]
scale=[-4.55022, -3.5413792, -1.9708194]
scale=[-3.9761631, -2.6253207, -2.55776]
scale=[-5.558945, -4.5697284, -2.820189]
scale=[-5.56203, -4.5880237, -3.0008397]
scale=[-4.0737934, -3.034803, -2.4592018]
scale=[-3.9410815, -3.1223578, -2.4133193]
scale=[-5.8478594, -3.9930348, -2.8012438]
scale=[-5.48243, -4.777453, -3.0703583]
scale=[-5.710574, -4.891892, -3.0785801]
scale=[-5.1786423, -2.8192534, -2.028171]
scale=[-4.7808447, -3.6483774, -2.2127104]
scale=[-6.2338142, -5.1690474, -3.2577083]
scale=[-4.281107, -2.8743358, -2.4781308]
scale=[-4.2958727, -3.2792385, -2.641395]
scale=[-5.1782265, -4.5574107, -2.836666]
scale=[-4.6918497, -4.1642184, -2.2997875]
scale=[-3.6065667, -1.6849309, -2.010869]
scale=[-6.005839, -4.2060966, -3.2344408]
scale=[-6.3420777, -4.4688325, -3.258654]
scale=[-6.4602947, -5.1014776, -3.274593]
scale=[-6.4171824, -5.1565866, -3.378091]
scale=[-6.200896, -5.5532966, -3.4403713]
scale=[-6.3474, -5.0449576, -3.3534982]
scale=[-6.478264, -5.4662886, -3.47169]
scale=[-4.1627874, -3.5477214, -3.0010412]
scale=[-4.247558, -2.6920197, -1.9434862]
scale=[-4.173103, -3.105899, -3.2254548]
scale=[-4.2922378, -2.9226732, -3.707951]
scale=[-4.24642, -3.4543178, -3.3902059]
scale=[-4.6621876, -3.5953753, -3.8534117]
scale=[-4.339485, -3.2161248, -3.572425]
scale=[-4.5950203, -3.5186045, -3.8425336]
scale=[-3.798587, -2.9644415, -3.2186718]
scale=[-3.745567, -3.1990426, -3.804631]
scale=[-4.848206, -3.1459494, -3.7892559]
scale=[-3.6269703, -3.093426, -3.7623792]
scale=[-3.637371, -3.0880983, -3.360484]
scale=[-2.6998467, -2.4218886, -2.2738652]
scale=[-3.360223, -2.714464, -3.3711333]
scale=[-2.5632153, -2.5018308, -2.7956598]
scale=[-3.8027878, -3.60918, -3.134585]
scale=[-3.3361993, -3.2889142, -3.273092]
scale=[-4.421291, -3.6894412, -2.5610814]
scale=[-3.7948198, -2.7328444, -3.3698735]
scale=[-3.0106766, -3.6955347, -2.486658]
scale=[-3.0031078, -3.5462606, -2.7900274]
scale=[-3.7238069, -2.6700265, -4.2634773]
scale=[-4.015404, -2.9351013, -4.6746206]
scale=[-3.5532844, -2.9695573, -4.2406316]
scale=[-3.5500865, -2.9863656, -4.281141]
scale=[-4.833125, -3.4234927, -3.7826316]
scale=[-4.9047346, -3.7531958, -3.770269]
scale=[-4.8920817, -3.7364256, -3.7727003]
scale=[-4.1328673, -2.3897963, -3.410561]
scale=[-3.81013, -3.385725, -3.2669294]
scale=[-3.7259505, -3.3881972, -2.9856603]
scale=[-4.364451, -3.486808, -2.7674947]
scale=[-4.663004, -3.8629797, -2.7750602]
scale=[-3.4408658, -2.6816823, -2.2173471]
scale=[-4.715277, -3.8642151, -3.211212]
scale=[-3.4502726, -3.2980573, -3.3103306]
scale=[-5.4488535, -4.269768, -3.3520644]
scale=[-5.5036345, -4.122122, -3.5631557]
scale=[-5.5625825, -4.169693, -3.5794988]
scale=[-4.867728, -2.9347312, -2.7570376]
scale=[-3.9768608, -3.6021202, -2.3048608]
scale=[-4.1982837, -3.542827, -3.049091]
scale=[-4.3534904, -4.04838, -3.5981615]
scale=[-3.9642813, -3.2876625, -2.4304202]
scale=[-5.3917665, -3.9141037, -3.4158194]
scale=[-2.9858177, -3.0598052, -2.2227974]
scale=[-2.3765273, -2.8786354, -1.6010942]
scale=[-3.248577, -3.636396, -1.7709432]
scale=[-4.120259, -3.5693083, -3.073119]
scale=[-4.228842, -3.4930036, -3.2129505]
scale=[-4.056212, -2.737818, -3.3997684]
scale=[-2.7316427, -2.175306, -1.4666476]
scale=[-4.0758705, -3.939622, -2.6412737]
scale=[-3.533626, -3.0404758, -2.5796125]
scale=[-2.363196, -2.6300957, -1.6649041]
scale=[-3.4652486, -3.7376146, -1.7414018]
scale=[-4.634059, -4.3717694, -1.707993]
scale=[-4.428567, -4.160095, -1.9822009]
scale=[-3.711314, -3.5920055, -1.3428556]
scale=[-4.1380534, -3.0831127, -2.6227713]
scale=[-3.6636899, -3.5582418, -1.5921282]
scale=[-4.934596, -3.582124, -3.544674]
scale=[-4.6282287, -3.6450572, -3.5982366]
scale=[-4.1167603, -3.6961734, -2.5438228]
scale=[-2.2856152, -2.5999737, -1.9263194]
scale=[-3.4697766, -3.1952326, -1.5798289]
scale=[-3.0757413, -2.299978, -2.875671]
scale=[-2.8245783, -2.7894418, -2.816062]
scale=[-2.8768353, -2.7968435, -2.913048]
scale=[-4.3906484, -4.0918517, -2.1554527]
scale=[-3.127964, -3.6634712, -2.3626566]
scale=[-3.648477, -4.2324505, -2.7423935]
scale=[-4.1756954, -4.1420164, -3.105988]
scale=[-3.1811295, -2.6392853, -2.2802258]
scale=[-3.4714584, -2.6852002, -2.2038665]
scale=[-4.4177637, -2.9323058, -3.2235882]
scale=[-3.8820543, -2.6635258, -2.8702157]
scale=[-4.696268, -3.4771006, -3.622185]
scale=[-4.62832, -3.3411655, -3.453566]
scale=[-4.858934, -3.5244722, -3.67187]
scale=[-4.24756, -2.9231749, -2.983041]
scale=[-3.8032541, -1.9301395, -3.2996454]
scale=[-1.6252998, -0.9233785, -1.9056604]
scale=[-2.0038912, -0.999922, -2.0580027]
scale=[-2.9046514, -0.8595915, -2.9716442]
scale=[-2.5133605, -2.7814863, -2.0762684]
scale=[-4.840421, -2.867877, -3.7160325]
scale=[-4.754436, -3.158469, -3.6473446]
scale=[-4.8549433, -5.1955132, -2.3640683]
scale=[-5.18722, -5.494625, -2.6646225]
scale=[-3.2777662, -3.122844, -1.8554397]
scale=[-4.1572814, -2.3731873, -3.3270087]
scale=[-3.4790597, -3.5969234, -1.4591703]
scale=[-4.6286993, -4.4827237, -2.9837818]
scale=[-1.5233523, -2.5768013, -1.9972501]
scale=[-1.7514813, -3.6081936, -2.202323]
scale=[-1.9498492, -3.4838772, -1.9424207]
scale=[-2.964672, -1.243358, -2.7693396]
scale=[-2.4359384, -0.9573923, -2.5667763]
scale=[-3.6081965, -1.1180772, -4.061831]
scale=[-3.0025845, -1.2487162, -3.502639]
scale=[-2.4344635, -2.6103377, -2.542209]
scale=[-4.6838036, -3.1891198, -4.2957687]
scale=[-2.0459547, -2.8454163, -2.7136834]
scale=[-2.2262523, -2.834991, -2.7363303]
scale=[-3.3717117, -3.2284386, -1.3741455]
scale=[-3.5657365, -4.0319114, -3.178147]
scale=[-3.6687443, -4.1177135, -2.9246273]
scale=[-3.990101, -3.6919765, -3.8382769]
scale=[-3.7989373, -3.0312889, -3.5330482]
scale=[-2.9659736, -3.238699, -3.2208655]
scale=[-3.0836957, -3.3661704, -2.4446335]
scale=[-3.2470398, -3.422153, -2.8121185]
scale=[-3.031673, -3.7619624, -2.995201]
scale=[-3.563426, -2.3764422, -3.230997]
scale=[-4.539053, -2.998508, -4.1335835]
scale=[-3.0896654, -3.3492568, -3.5202107]
scale=[-3.6749983, -3.4144633, -3.4414446]
scale=[-2.2748098, -3.3447688, -2.750332]
scale=[-1.9202414, -3.134685, -2.4982827]
scale=[-1.7535559, -3.0586874, -2.1967392]
scale=[-3.0094938, -3.310092, -3.7223961]
scale=[-2.3902602, -3.6319613, -3.827816]
scale=[-3.1113858, -3.254419, -3.4675424]
scale=[-2.005555, -2.519272, -1.8450972]
scale=[-2.7261932, -3.7598662, -3.684163]
scale=[-2.6878486, -3.348193, -3.3855784]
scale=[-3.2140334, -3.6581502, -3.8807843]
scale=[-3.2628798, -3.7628155, -4.0069656]
scale=[-2.960479, -4.034486, -3.816141]
scale=[-3.3119998, -4.019151, -3.8442953]
scale=[-3.4089496, -4.0694237, -3.8834524]
scale=[-1.4645613, -3.070667, -2.8687139]
scale=[-3.6773055, -3.6020482, -3.591693]
scale=[-3.5960548, -3.2180026, -3.5130248]
scale=[-2.195079, -2.3832378, -2.3016233]
scale=[-2.035322, -2.5191164, -2.3241408]
scale=[-2.1141412, -3.0927296, -2.4510472]
scale=[-2.027309, -2.5468173, -2.148196]
scale=[-2.238077, -3.0486474, -2.5877852]
scale=[-3.8581698, -2.5079718, -3.2879207]
scale=[-4.2073135, -2.2803411, -3.6153166]
scale=[-3.1718097, -2.1733778, -2.7396626]
scale=[-3.7608728, -3.2608285, -3.3052924]
scale=[-1.622483, -3.5898385, -3.0704186]
scale=[-2.8973103, -3.8215396, -4.1086597]
scale=[-2.9782872, -3.6175022, -3.7812994]
scale=[-3.666782, -3.709688, -4.0275087]
scale=[-2.8543687, -4.0115867, -3.928275]
scale=[-3.1483047, -4.3137565, -4.2360477]
scale=[-2.962732, -4.050622, -3.8859146]
scale=[-2.7430544, -4.3016825, -4.2161484]
scale=[-2.840951, -4.0939703, -4.023779]
scale=[-3.1593106, -4.414542, -4.3114963]
scale=[-3.0225785, -4.5853567, -4.479753]
scale=[-2.4478319, -3.6750891, -3.5844898]
scale=[-3.3738837, -3.917077, -3.7413542]
scale=[-2.8060598, -3.6492548, -3.4977114]
scale=[-2.9327688, -2.906931, -2.679409]
scale=[-2.1882572, -3.8875844, -3.019816]
scale=[-2.0453246, -3.6751723, -2.8289435]
scale=[-2.862364, -3.8711514, -1.5723904]
scale=[-3.1130803, -1.0255916, -0.9812645]
scale=[-2.4704847, -1.7857658, -0.91051036]
scale=[-2.1592484, -1.1089576, -0.7216814]
scale=[-3.1588483, -2.3172734, -0.9034736]
scale=[-2.539879, -1.4436655, -0.7088892]
scale=[-4.8685164, -1.5212033, -1.5099545]
scale=[-3.766438, -2.9227097, -1.618122]
scale=[-4.0070515, -2.9211104, -2.9972248]
scale=[-2.263129, -1.7644131, -1.611642]
scale=[-4.1202793, -3.2450593, -2.0374784]
scale=[-3.10252, -2.7717783, -1.8176029]
scale=[-3.962795, -3.8168576, -3.3007424]
scale=[-2.5815654, -2.0986125, -1.8262272]
scale=[-4.0418286, -3.2844667, -2.5586047]
scale=[-1.9716537, -2.5451686, -1.2663875]
scale=[-2.8470485, -1.951608, -2.8392751]
scale=[-4.4703665, -3.455417, -2.5731044]
scale=[-3.0540302, -1.9849077, -1.636735]
scale=[-4.171753, -2.1283607, -2.9819546]
scale=[-5.000216, -2.173048, -1.2286748]
scale=[-3.6204844, -1.0031285, -1.1977117]
scale=[-3.4935682, -0.6124848, -0.7312553]
scale=[-3.7732334, -1.6566827, -1.5421258]
scale=[-4.821637, -2.8822155, -1.493465]
scale=[-4.8606396, -2.9968438, -1.4992068]
scale=[-5.1725574, -1.628043, -1.8660569]
scale=[-4.905254, -1.5625455, -1.2254021]
scale=[-3.9891922, -2.6077907, -1.4106768]
scale=[-5.517229, -3.4385123, -2.3542173]
scale=[-5.1370597, -2.6483314, -2.4698772]
scale=[-3.3440554, -1.2479324, -0.9111443]
scale=[-4.623096, -2.5948987, -2.2946732]
scale=[-4.928981, -3.7517526, -2.6513484]
scale=[-4.2572937, -0.9754084, -2.0164506]
scale=[-3.7028432, -2.7258995, -2.2693443]
scale=[-5.515806, -2.2540467, -2.788941]
scale=[-4.7973714, -3.0452902, -2.0715435]
scale=[-5.0594974, -2.1665177, -1.3510194]
scale=[-3.210684, -2.247933, -1.9369891]
scale=[-2.938727, -1.7312663, -1.3760648]
scale=[-4.273796, -1.9773995, -1.1142066]
scale=[-3.77118, -2.8543055, -1.5244598]
scale=[-6.6012583, -4.5148587, -2.661779]
scale=[-6.8852167, -4.598921, -3.3278735]
scale=[-6.2922797, -3.4923952, -3.5038543]
scale=[-5.7933784, -3.7805295, -3.1247005]
scale=[-5.8124294, -3.6752994, -3.078021]
scale=[-6.8649964, -4.5364285, -3.3692346]
scale=[-4.354184, -3.2853608, -3.0140188]
scale=[-4.67401, -3.4432135, -3.284326]
scale=[-4.9435725, -3.4430883, -2.500478]
scale=[-6.199873, -3.6963952, -3.598336]
scale=[-4.9076786, -3.406304, -4.243558]
scale=[-6.098419, -4.673137, -3.4092565]
scale=[-4.073476, -3.0129929, -3.4785497]
scale=[-5.9708066, -4.270829, -2.8608575]
scale=[-5.219236, -3.8995097, -2.1694453]
scale=[-5.228739, -3.8936577, -2.3926935]
scale=[-4.982681, -2.4834516, -1.4887493]
scale=[-4.631227, -1.8350675, -1.6963706]
scale=[-4.7514315, -3.3397224, -2.4651046]
scale=[-2.7876804, -1.3041961, -0.7684489]
scale=[-3.5060177, -2.081203, -1.8593357]
scale=[-4.370282, -2.5740771, -2.9404764]
scale=[-3.6049798, -2.687192, -2.786802]
scale=[-4.0875463, -2.5557666, -2.9098346]
scale=[-4.551849, -3.491088, -2.574961]
scale=[-3.4561694, -1.8938823, -1.6000215]
scale=[-2.8694954, -1.4583306, -1.2219622]
scale=[-4.1637936, -3.046429, -3.3680182]
scale=[-4.3078427, -2.1458092, -1.5653363]
scale=[-4.67023, -2.793112, -2.0405183]
scale=[-2.5116627, -1.1665403, -1.0288422]
scale=[-3.0054836, -1.8340944, -1.7641292]
scale=[-3.7111685, -1.9346137, -1.6122608]
scale=[-2.7981951, -1.8255855, -1.0804722]
scale=[-4.0593185, -1.987004, -1.5161207]
scale=[-3.4792047, -1.8317646, -2.0027354]
scale=[-3.7030146, -1.8828105, -2.3980792]
scale=[-3.5631716, -2.0366101, -2.3246841]
scale=[-3.6033115, -2.9747114, -2.0754068]
scale=[-4.4070044, -2.1701758, -1.8608062]
scale=[-3.3332434, -2.7545896, -1.3532019]
scale=[-4.943433, -3.3632512, -2.7028487]
scale=[-4.9403644, -2.6232011, -2.3864772]
scale=[-3.8526802, -2.0699508, -0.71161234]
scale=[-4.498902, -3.167161, -1.9643779]
scale=[-4.1697807, -2.6772852, -2.8209167]
scale=[-3.8566768, -2.2245865, -3.0154996]
scale=[-4.403796, -3.1773503, -3.8232696]
scale=[-4.6315455, -3.5261319, -3.3265693]
scale=[-4.5725036, -3.6411726, -3.2571216]
scale=[-4.5684295, -3.1814303, -4.4156694]
scale=[-4.5067606, -3.0920386, -3.706193]
scale=[-4.6249666, -3.4773216, -4.029078]
scale=[-4.5230784, -3.3515875, -3.9318705]
scale=[-2.353738, -1.9975464, -1.7182864]
scale=[-4.080476, -3.416513, -1.6642482]
scale=[-3.9717386, -3.2243247, -1.2917504]
scale=[-4.616322, -2.6608417, -0.9039066]
scale=[-4.0956345, -3.5576115, -2.496856]
scale=[-5.9040284, -4.9758444, -2.5803502]
scale=[-3.6466296, -2.7812314, -1.9446605]
scale=[-6.049647, -3.2167277, -2.920048]
scale=[-5.3426256, -3.8306983, -2.7306917]
scale=[-6.615124, -4.1390986, -2.8755283]
scale=[-6.353579, -3.845527, -3.231023]
scale=[-6.183586, -3.6221762, -3.1597967]
scale=[-5.5052505, -3.9877548, -2.3854868]
scale=[-5.426122, -3.6414692, -3.4463944]
scale=[-5.2142167, -3.3663116, -3.2002358]
scale=[-5.658191, -3.805656, -3.1812308]
scale=[-5.6724358, -3.8634589, -2.931977]
scale=[-5.96018, -3.9762218, -3.0769322]
scale=[-5.877677, -3.8388321, -3.2550514]
scale=[-5.724728, -3.8644462, -2.9660065]
scale=[-4.4760013, -3.3707883, -2.4633505]
scale=[-3.6494136, -1.882029, -2.0773973]
scale=[-4.907006, -2.947981, -2.8678162]
scale=[-4.9090343, -2.794164, -2.6088002]
scale=[-4.698468, -2.580548, -2.4708488]
scale=[-4.64471, -2.8678913, -2.2804291]
scale=[-5.135454, -2.7138588, -3.208555]
scale=[-4.5286574, -2.6747594, -1.444744]
scale=[-2.764345, -2.622023, -2.1616724]
scale=[-4.3667407, -3.205514, -2.2947164]
scale=[-4.593633, -2.323446, -2.4193487]
scale=[-5.2024136, -2.158487, -2.9649684]
scale=[-3.7621946, -3.2638233, -3.113451]
scale=[-4.125089, -3.3175159, -3.1014462]
scale=[-4.232486, -3.1817682, -2.143954]
scale=[-4.6097426, -3.2257128, -2.1782558]
scale=[-4.9151134, -3.4879348, -2.36743]
scale=[-3.4593997, -3.3422115, -2.411687]
scale=[-5.021316, -2.5607934, -2.4488535]
scale=[-5.206598, -2.381899, -2.4983294]
scale=[-3.6910105, -3.462333, -2.84445]
scale=[-3.3542488, -3.2764974, -2.5133266]
scale=[-4.7515182, -2.8150437, -2.003604]
scale=[-4.99129, -3.5938494, -3.0672772]
scale=[-5.469415, -3.3402083, -3.188959]
scale=[-2.9548178, -1.4838563, -1.6423289]
scale=[-5.0596805, -2.7315404, -2.3698344]
scale=[-4.922805, -2.7659307, -2.0280132]
scale=[-4.625914, -3.566265, -2.589907]
scale=[-4.382119, -3.100615, -2.1142426]
scale=[-4.673662, -3.6499727, -2.54558]
scale=[-3.0223272, -2.2647264, -1.3583711]
scale=[-4.6039267, -2.6545422, -1.0817904]
scale=[-4.5754433, -2.4440207, -1.6689186]
scale=[-4.394017, -3.0725167, -2.5939696]
scale=[-4.702481, -2.5310724, -2.72768]
scale=[-5.5627193, -4.0338817, -3.3948283]
scale=[-6.8772235, -4.9822545, -3.1467085]
scale=[-4.6527505, -3.5473936, -3.7200828]
scale=[-4.5049014, -2.7657385, -4.071917]
scale=[-5.9156957, -4.4007273, -3.6252153]
scale=[-5.4677024, -4.1037016, -3.1708865]
scale=[-5.3382554, -3.513956, -2.6844742]
scale=[-7.1930413, -4.38487, -3.2341318]
scale=[-4.6152754, -3.1771965, -2.39235]
scale=[-4.662847, -3.4843934, -2.7181602]
scale=[-4.899418, -3.3450131, -3.140959]
scale=[-5.2555456, -3.621885, -2.2942603]
scale=[-4.7624974, -3.0556002, -3.0349128]
scale=[-4.8980727, -3.3997126, -3.0157373]
scale=[-5.5718894, -2.4159698, -2.5303295]
scale=[-6.748384, -4.132021, -2.9063866]
scale=[-6.9044805, -4.413322, -3.312743]
scale=[-7.038067, -4.283473, -3.1105187]
scale=[-7.1383185, -4.348667, -3.2149775]
scale=[-6.820198, -4.072894, -3.1108637]
scale=[-6.1518927, -3.6493545, -3.7356527]
scale=[-6.4620266, -3.8409424, -4.016944]
scale=[-5.5403004, -2.7096238, -3.7226782]
scale=[-6.0877366, -3.2946017, -3.4475827]
scale=[-6.2835937, -3.5429657, -3.7176356]
scale=[-5.6918597, -3.2830882, -3.2994406]
scale=[-5.7881727, -3.3497908, -3.464916]
scale=[-5.281064, -2.9797204, -2.7371953]
scale=[-5.2492485, -2.8694258, -2.5691972]
scale=[-3.1765397, -2.6143672, -1.7526317]
scale=[-5.393781, -3.16538, -3.0544426]
scale=[-4.8358855, -2.5111403, -2.9976475]
scale=[-5.7096086, -2.711636, -3.2274907]
scale=[-5.374396, -2.4178843, -2.0411851]
scale=[-5.9382143, -1.9342161, -3.434269]
scale=[-5.956176, -3.3314824, -3.808708]
scale=[-5.758077, -2.826468, -3.422538]
scale=[-5.9602246, -3.0536985, -3.8546197]
scale=[-5.5442905, -3.186692, -2.8984368]
scale=[-5.869875, -2.7080276, -3.196307]
scale=[-5.590793, -2.9036055, -1.9318092]
scale=[-5.2715483, -2.419277, -2.9819148]
scale=[-4.952584, -2.919629, -2.0600643]
scale=[-4.0804005, -2.8036296, -2.4567194]
scale=[-4.4436965, -2.7496119, -1.5751332]
scale=[-6.9145417, -3.789268, -2.7066236]
scale=[-7.1083665, -4.0173883, -2.7919998]
scale=[-6.208668, -3.234654, -4.394505]
scale=[-5.4885836, -3.190186, -2.9892323]
scale=[-5.5504236, -3.1157117, -2.9568927]
scale=[-3.789908, -1.7085732, -1.7761477]
scale=[-4.147723, -2.2671266, -2.040252]
scale=[-2.9661992, -2.4910777, -1.3575792]
scale=[-5.3181295, -1.6838303, -3.242721]
scale=[-4.123376, -2.9354088, -1.7522776]
scale=[-4.4634495, -3.337763, -2.8704667]
scale=[-4.052122, -3.1673512, -2.305902]
scale=[-5.0479603, -2.7839694, -1.8769141]
scale=[-4.7847896, -3.354334, -2.5309312]
scale=[-4.7227426, -3.44037, -2.3644722]
scale=[-5.949643, -3.8244877, -2.6041389]
scale=[-6.222206, -3.8292818, -2.9869254]
scale=[-6.4219937, -3.9509068, -3.1455848]
scale=[-5.164556, -2.553518, -2.2313895]
scale=[-4.832491, -2.1695633, -1.9815407]
scale=[-5.648607, -2.7509584, -2.5580432]
scale=[-5.447303, -2.5585556, -2.5777597]
scale=[-4.649123, -2.8759515, -2.258835]
scale=[-5.700991, -2.7494216, -2.9871278]
scale=[-5.7595267, -2.6868293, -3.6151505]
scale=[-5.9820786, -2.4225688, -3.8657959]
scale=[-6.692801, -2.4937158, -4.1758256]
scale=[-5.566793, -2.3849585, -3.2418008]
scale=[-6.1421747, -4.211359, -2.685394]
scale=[-5.686218, -4.2333198, -2.99256]
scale=[-5.653274, -4.1092067, -2.9575973]
scale=[-5.9897413, -4.2413607, -3.0510907]
scale=[-5.544484, -2.5141299, -3.155423]
scale=[-3.4423149, -1.9406096, -2.0950985]
scale=[-6.3729486, -3.095189, -4.255691]
scale=[-5.1972337, -3.3487492, -2.4318597]
scale=[-5.6397977, -2.6819985, -3.3416595]
scale=[-6.442528, -3.5489483, -2.4955919]
scale=[-4.993771, -2.0381165, -2.72552]
scale=[-6.8146863, -2.8333077, -4.4110518]
scale=[-6.278754, -3.6926749, -3.8783534]
scale=[-5.400814, -2.679598, -3.0369499]
scale=[-5.4120507, -3.1062112, -3.0097353]
scale=[-5.508466, -1.9068581, -3.0864725]
scale=[-5.375001, -2.3424366, -2.683871]
scale=[-4.9460473, -2.70788, -2.5623944]
scale=[-5.679468, -2.239003, -3.151987]
scale=[-6.469042, -3.5541677, -3.8862844]
scale=[-5.9327865, -3.2289748, -3.3171177]
scale=[-5.435634, -1.9017649, -3.179736]
scale=[-5.3134594, -2.8138456, -2.7398908]
scale=[-6.199931, -2.816546, -1.7659264]
scale=[-6.2491965, -3.42683, -3.8899105]
scale=[-5.228772, -2.9617612, -2.6959395]
scale=[-6.306592, -3.2612786, -3.8194716]
scale=[-4.323869, -1.6403327, -1.5146149]
scale=[-5.9583116, -3.6443455, -3.730543]
scale=[-5.1063547, -2.9644947, -3.046044]
scale=[-4.1746907, -1.6340322, -1.2145604]
scale=[-3.1632948, -1.6685835, -1.5232878]
scale=[-3.4848516, -2.6073184, -2.2138135]
scale=[-1.3023648, -0.76828504, -1.1960937]
scale=[-2.2075422, -0.859066, -2.108451]
scale=[-3.7715828, -2.1156387, -2.268611]
scale=[-4.6961, -2.2664177, -4.3206086]
scale=[-4.4417577, -2.3980334, -3.954283]
scale=[-4.4577174, -3.684804, -3.5068648]
scale=[-3.3497677, -3.8029346, -2.3200884]
scale=[-4.1459002, -3.1255577, -3.1768777]
scale=[-4.2508802, -3.097572, -3.3085542]
scale=[-3.7460485, -3.495547, -1.8065919]
scale=[-4.035864, -3.901593, -2.128627]
scale=[-4.4899664, -2.4117162, -3.9165561]
scale=[-4.088432, -2.3918345, -3.635675]
scale=[-4.4167843, -2.301105, -4.1023526]
scale=[-6.3671656, -2.8631644, -4.1211977]
scale=[-6.30186, -2.9678144, -3.3619401]
scale=[-6.402585, -3.6405497, -3.0687904]
scale=[-6.6540923, -3.536233, -3.7237678]
scale=[-5.726967, -3.736688, -3.782915]
scale=[-5.1883774, -3.4535298, -3.7457137]
scale=[-5.6422935, -2.3492696, -3.1230748]
scale=[-4.1556053, -2.906773, -2.1781228]
scale=[-4.428504, -2.5923774, -2.2253852]
scale=[-5.687432, -2.0315187, -3.3859956]
scale=[-6.30678, -2.2218373, -4.0056148]
scale=[-5.75697, -3.1302059, -3.4733477]
scale=[-6.2731805, -2.5863862, -2.935163]
scale=[-6.1281137, -2.5536487, -3.15669]
scale=[-5.9281435, -3.0187461, -2.7614949]
scale=[-6.279552, -2.3168652, -3.2409828]
scale=[-6.676248, -2.0721576, -3.0316563]
scale=[-5.7611785, -2.9575412, -3.121232]
scale=[-4.6651, -2.571982, -2.163894]
scale=[-4.931919, -3.5928679, -3.3457353]
scale=[-4.8767123, -3.0519621, -3.1926672]
scale=[-5.020026, -2.940767, -1.7632573]
scale=[-4.545681, -3.0188067, -1.8280166]
scale=[-4.207751, -2.5071287, -1.767861]
scale=[-4.7807093, -2.8479238, -3.5247114]
scale=[-6.3301077, -3.5565457, -3.0752304]
scale=[-2.9437861, -2.8947947, -2.747925]
scale=[-3.4496362, -2.4766824, -3.992648]
scale=[-3.283096, -2.5105975, -3.8939736]
scale=[-3.7127824, -3.2391777, -2.9145055]
scale=[-2.6059139, -1.7795426, -3.4108706]
scale=[-4.412892, -2.8997312, -2.8702223]
scale=[-5.3677597, -3.4161336, -3.0080867]
scale=[-4.997648, -2.5205934, -3.2240725]
scale=[-3.5310192, -1.3216199, -1.7417932]
scale=[-4.7044353, -2.4380758, -2.575328]
scale=[-4.5254517, -2.415379, -2.5949984]
scale=[-4.3296046, -3.5553842, -3.8402696]
scale=[-4.297894, -3.267412, -3.6039603]
scale=[-3.3912354, -2.1347246, -2.479275]
scale=[-3.8500714, -2.9000869, -2.6189766]
scale=[-3.7557876, -2.888196, -3.0553613]
scale=[-3.715774, -2.0808508, -3.2986355]
scale=[-4.888302, -3.1815722, -3.9064739]
scale=[-4.6360993, -3.3307362, -3.6294255]
scale=[-4.414611, -3.0059044, -3.503354]
scale=[-4.984408, -3.0620954, -4.306554]
scale=[-4.633923, -3.200462, -4.1099052]
scale=[-4.9630275, -3.4530795, -3.867232]
scale=[-4.567557, -3.1141107, -3.3997235]
scale=[-4.6053143, -2.980701, -4.2686663]
scale=[-4.215259, -2.7731695, -3.9862008]
scale=[-4.6122603, -3.0098562, -4.2932673]
scale=[-2.2670026, -2.0807738, -2.4133153]
scale=[-2.9859664, -2.1028733, -1.5978912]
scale=[-2.4962513, -1.7013711, -3.3131173]
scale=[-2.6776345, -2.2073686, -3.4359531]
scale=[-3.9002187, -3.6429896, -2.734928]
scale=[-3.6449335, -3.7088134, -2.702182]
scale=[-3.6856284, -3.2122493, -2.7372577]
scale=[-2.953096, -2.2668822, -2.219435]
scale=[-3.8982182, -3.4832351, -2.1315742]
scale=[-4.4116087, -3.9599347, -2.2981071]
scale=[-4.91282, -2.8032088, -3.5971665]
scale=[-4.900899, -3.3053112, -3.6623116]
scale=[-2.8838978, -1.1278117, -1.4790015]
scale=[-4.8726525, -3.1206262, -3.7150106]
scale=[-4.0944858, -2.5610685, -2.7759762]
scale=[-4.905348, -3.8760667, -4.3618984]
scale=[-4.3751373, -2.970765, -3.6669433]
scale=[-4.5594945, -2.8658884, -3.989185]
scale=[-4.5684686, -3.2847843, -3.9253848]
scale=[-3.5595164, -3.086869, -3.1622791]
scale=[-4.137467, -1.9916623, -3.732759]
scale=[-3.7930996, -3.3368602, -3.1133308]
scale=[-3.4917943, -3.0779076, -3.1380656]
scale=[-4.3306837, -1.5343678, -3.9987931]
scale=[-3.3244193, -2.8301873, -3.7486959]
scale=[-3.008491, -2.7876334, -3.8045464]
scale=[-2.4661043, -1.5660261, -3.3324552]
scale=[-3.2611554, -2.5141642, -2.9946148]
scale=[-3.6039093, -2.676495, -3.4261947]
scale=[-4.061529, -2.7932868, -3.5218544]
scale=[-4.2145023, -2.7189975, -3.7439127]
scale=[-3.1583433, -2.2662935, -3.182026]
scale=[-4.0935693, -3.1058123, -3.553655]
scale=[-4.076012, -3.4627657, -3.4963903]
scale=[-4.647257, -3.4227662, -3.9049006]
scale=[-4.6952567, -3.9634888, -4.2471967]
scale=[-4.3587494, -3.037956, -3.9747496]
scale=[-3.5624878, -2.8032596, -3.6138363]
scale=[-4.8879557, -3.2518704, -4.1518087]
scale=[-4.3415747, -3.1003995, -3.8506162]
scale=[-3.867663, -3.1351855, -3.4688847]
scale=[-3.5029373, -2.5818985, -3.1799905]
scale=[-3.9788513, -2.99646, -4.4887104]
scale=[-4.284404, -3.0604308, -3.827293]
scale=[-4.4651594, -2.0573795, -4.108433]
scale=[-3.632972, -2.5143862, -3.1981542]
scale=[-4.2052402, -2.2859921, -3.5395513]
scale=[-3.8539808, -1.90893, -3.6155407]
scale=[-2.915803, -2.3040617, -2.8401175]
scale=[-3.4775875, -2.33444, -3.1585803]
scale=[-3.2546103, -2.4620137, -2.8585544]
scale=[-3.3700328, -2.0252626, -2.7526622]
scale=[-3.8258922, -2.638785, -3.4619496]
scale=[-3.9096997, -2.6407857, -3.572287]
scale=[-5.225026, -2.6436908, -4.857151]
scale=[-3.7398221, -3.3764024, -3.2009256]
scale=[-4.469271, -2.8520968, -3.8858266]
scale=[-4.990854, -3.193902, -4.522611]
scale=[-4.0529585, -3.4371305, -3.4001546]
scale=[-4.386421, -2.880928, -3.9824133]
scale=[-4.9078746, -2.562058, -4.3983107]
scale=[-4.3740587, -2.9602468, -3.9397805]
scale=[-4.8114705, -2.764667, -4.420496]
scale=[-4.6015596, -3.1291852, -4.121394]
scale=[-3.6351414, -2.9470272, -3.2496989]
scale=[-4.537429, -2.9930286, -4.059767]
scale=[-4.12287, -3.7984903, -3.58444]
scale=[-4.828247, -2.4900222, -4.3227277]
scale=[-4.6867857, -2.901792, -4.3791456]
scale=[-5.0730186, -3.5538447, -4.739738]
scale=[-4.496859, -2.7340057, -3.951927]
scale=[-3.6118927, -2.420535, -2.9249086]
scale=[-2.9301274, -1.1465867, -1.5008371]
scale=[-4.636092, -3.0038288, -4.0659285]
scale=[-3.625057, -3.4737015, -3.335489]
scale=[-3.2457933, -1.650667, -2.294783]
scale=[-3.430418, -1.8965943, -2.7109468]
scale=[-3.5920749, -2.2200708, -3.017108]
scale=[-3.9802272, -2.966221, -3.6493902]
scale=[-3.4666986, -2.9813917, -3.260556]
scale=[-3.931392, -2.3204486, -3.3586006]
scale=[-4.3721666, -2.2381558, -3.972781]
scale=[-4.976272, -2.2477903, -4.487213]
scale=[-4.597516, -3.4211752, -4.505939]
scale=[-4.5359144, -3.340007, -4.331623]
scale=[-4.333618, -3.1374817, -4.0956736]
scale=[-4.6411343, -2.9856982, -4.4329147]
scale=[-4.4154143, -2.8925347, -4.3780646]
scale=[-4.6011004, -3.3917053, -4.2064176]
scale=[-4.6935325, -2.9738996, -4.3212976]
scale=[-4.777541, -3.1245086, -4.39833]
scale=[-3.8373675, -3.2458465, -2.9168165]
scale=[-4.6707883, -4.134203, -2.9512277]
scale=[-4.4470453, -3.9174726, -3.3715186]
scale=[-4.1024218, -3.3204432, -2.993162]
scale=[-4.966171, -2.6546776, -4.4940786]
scale=[-4.0952015, -2.367217, -3.573334]
scale=[-4.454111, -2.1874404, -3.9118927]
scale=[-4.249859, -3.4143467, -3.1539106]
scale=[-4.2532063, -2.4133484, -3.7390583]
scale=[-5.2094398, -3.5450659, -4.8888774]
scale=[-3.9648788, -3.240246, -3.6461465]
scale=[-4.0020833, -3.602525, -3.6187139]
scale=[-4.01131, -2.2278056, -3.6594296]
scale=[-4.0623813, -2.1333582, -3.7602847]
scale=[-5.025615, -3.4949749, -4.481428]
scale=[-4.623026, -3.060836, -3.8003242]
scale=[-5.156872, -3.5637999, -4.5273643]
scale=[-3.8582308, -2.765757, -3.2643113]
scale=[-4.7309856, -2.4858034, -4.1911373]
scale=[-3.6792216, -3.024393, -3.1792402]
scale=[-3.5151863, -3.194358, -3.2145627]
scale=[-3.8649685, -3.153816, -3.4045026]
scale=[-4.6057925, -2.0161946, -4.2164807]
scale=[-4.518978, -2.0937603, -4.11603]
scale=[-4.9032288, -3.3751507, -4.3734655]
scale=[-3.4657094, -4.011119, -3.0463994]
scale=[-2.8251798, -3.3324509, -2.6618657]
scale=[-3.4905384, -3.8173676, -2.566867]
scale=[-3.4918091, -3.8232803, -2.4703815]
scale=[-4.7131395, -2.4337118, -3.8909223]
scale=[-4.977123, -2.8224227, -4.168854]
scale=[-4.679445, -3.284661, -4.2165194]
scale=[-2.632599, -2.3150902, -3.0057926]
scale=[-5.1650434, -3.3638213, -4.7929764]
scale=[-3.1094394, -3.6716704, -2.7601755]
scale=[-4.6324425, -3.6699677, -3.585881]
scale=[-4.7841563, -3.7029362, -3.6506572]
scale=[-3.8194163, -4.1911387, -3.4069877]
scale=[-3.252962, -3.5873184, -2.7168596]
scale=[-3.1680703, -3.5365362, -2.8864648]
scale=[-4.7241063, -5.163248, -2.928144]
scale=[-5.083156, -5.578625, -3.5729065]
scale=[-5.057105, -5.50291, -3.5191154]
scale=[-4.685207, -5.1419263, -3.1026344]
scale=[-3.6962898, -3.749775, -2.8374639]
scale=[-3.7292593, -3.7861204, -2.078702]
scale=[-3.4604063, -3.0316694, -3.5110407]
scale=[-3.2734005, -3.0099127, -3.397486]
scale=[-3.132729, -3.7277496, -3.2287965]
scale=[-3.1215072, -3.7922566, -3.0684223]
scale=[-3.2535973, -3.9197326, -3.1673274]
scale=[-3.4875593, -4.269756, -3.2629697]
scale=[-3.3825011, -3.2789767, -1.8783094]
scale=[-3.3543265, -1.5012581, -2.7785363]
scale=[-3.3280134, -4.0593677, -2.98222]
scale=[-4.243173, -3.1790602, -2.309788]
scale=[-3.6881263, -3.7252855, -3.273945]
scale=[-3.3606505, -2.8293622, -2.3040226]
scale=[-3.4309018, -3.2374375, -2.7834327]
scale=[-4.6024117, -3.1193635, -1.6752441]
scale=[-3.940412, -3.861576, -2.2170982]
scale=[-3.0734372, -3.0778494, -1.9296372]
scale=[-4.566195, -2.4754496, -3.6290667]
scale=[-3.2189538, -3.2477374, -2.0180051]
scale=[-4.2234573, -3.026316, -3.6970642]
scale=[-3.6266785, -2.8644388, -3.5380044]
scale=[-3.12248, -3.2353663, -3.1129324]
scale=[-3.0469043, -3.1834664, -2.9952683]
scale=[-4.0835814, -3.4273934, -2.2999907]
scale=[-2.7889159, -2.2222888, -2.793721]
scale=[-3.8723605, -3.0038078, -2.8710067]
scale=[-4.195585, -3.371111, -2.788332]
scale=[-3.3074505, -3.6530828, -2.8543346]
scale=[-2.9565456, -3.232381, -1.6348069]
scale=[-3.3418844, -3.6630037, -2.6150603]
scale=[-3.5857165, -3.7140071, -2.8427088]
scale=[-4.050054, -2.6720383, -3.6964684]
scale=[-4.7103558, -2.0069494, -4.201429]
scale=[-3.7948294, -2.5966353, -3.546151]
scale=[-5.0930753, -2.826861, -4.623703]
scale=[-6.57171, -2.4308434, -6.0838075]
scale=[-4.80149, -3.430339, -4.4879155]
scale=[-4.7187147, -3.3604226, -4.4463873]
scale=[-4.973692, -2.0650213, -4.6133704]
scale=[-5.1099777, -2.426053, -4.6665497]
scale=[-4.3790073, -2.0040512, -3.4009476]
scale=[-4.114136, -2.7172315, -3.214001]
scale=[-4.980855, -3.0374134, -4.2615733]
scale=[-4.886059, -2.128692, -3.95538]
scale=[-4.624723, -2.7678785, -3.7165859]
scale=[-4.923407, -3.4397519, -4.288559]
scale=[-4.8638773, -3.3161418, -4.243471]
scale=[-4.866206, -3.1716197, -4.2562523]
scale=[-4.291665, -2.226526, -3.1607714]
scale=[-5.8526554, -3.1369474, -5.009077]
scale=[-5.588853, -3.4401145, -4.7519965]
scale=[-4.9307566, -2.2106116, -4.0804753]
scale=[-5.010836, -2.552949, -4.150329]
scale=[-4.1894035, -2.986333, -2.9706502]
scale=[-5.4098554, -3.0917246, -4.7801037]
scale=[-3.7133396, -3.1009169, -3.4749298]
scale=[-3.345858, -2.493277, -3.071696]
scale=[-2.8633137, -1.9269389, -2.9815931]
scale=[-3.3131125, -4.4162207, -2.797682]
scale=[-3.931517, -4.6779847, -3.728846]
scale=[-3.9115024, -3.4858663, -3.2539148]
scale=[-3.8203812, -3.680111, -3.4564633]
scale=[-4.0679035, -3.7060337, -3.518112]
scale=[-4.1293716, -3.7347066, -3.4544046]
scale=[-4.0392127, -3.6428375, -3.3377454]
scale=[-3.65507, -3.3894067, -3.1615295]
scale=[-3.7623987, -2.5656557, -3.24011]
scale=[-3.5250356, -2.484639, -3.0759795]
scale=[-3.5402956, -1.527016, -3.5610838]
scale=[-4.7047014, -2.7141154, -3.8706567]
scale=[-3.991929, -3.3010077, -3.7067695]
scale=[-4.137851, -3.8386748, -3.5519927]
scale=[-4.1468554, -4.0081744, -3.6164868]
scale=[-4.4243884, -3.805504, -3.7913797]
scale=[-3.8171952, -2.7475874, -3.4096537]
scale=[-4.5313244, -3.5052338, -3.0295277]
scale=[-5.0194263, -4.5452533, -2.8232393]
scale=[-3.9386406, -3.3016117, -2.783704]
scale=[-3.545138, -2.9846523, -3.1503806]
scale=[-4.734345, -3.7928112, -2.9238088]
scale=[-4.5914774, -3.7027452, -2.7420037]
scale=[-4.306321, -3.0743437, -3.226081]
scale=[-4.384802, -2.9274664, -3.2196133]
scale=[-4.045275, -3.2244115, -3.6725945]
scale=[-4.12944, -3.561269, -3.3638587]
scale=[-4.2510114, -3.6817532, -3.4649224]
scale=[-3.6649122, -3.6257133, -3.5136178]
scale=[-3.5186665, -3.6669395, -3.4536784]
scale=[-4.344815, -1.9901879, -3.864459]
scale=[-5.373593, -4.826495, -3.1115332]
scale=[-5.0224657, -2.8479903, -3.661922]
scale=[-3.25683, -1.4747853, -2.6653457]
scale=[-3.2108593, -1.5153478, -2.7014046]
scale=[-4.315261, -1.6227088, -3.536365]
scale=[-4.328098, -2.92553, -2.1574836]
scale=[-4.991141, -3.4333498, -2.6432407]
scale=[-4.4931126, -2.3447459, -4.2015314]
scale=[-4.25676, -1.7270277, -1.54827]
scale=[-5.1181164, -2.9548438, -3.680251]
scale=[-3.816777, -2.8416388, -2.7960963]
scale=[-4.4348426, -3.676086, -4.044879]
scale=[-3.8470416, -2.8095598, -4.1162047]
scale=[-4.170921, -2.9740589, -3.6311822]
scale=[-3.8168097, -4.114117, -3.30382]
scale=[-3.908662, -3.7883418, -3.0547647]
scale=[-3.7438521, -3.5531473, -3.1060789]
scale=[-3.134425, -3.15814, -2.949774]
scale=[-3.5444822, -3.4345448, -3.1046143]
scale=[-5.2178793, -2.680636, -4.6993175]
scale=[-4.9064193, -2.385362, -4.4364605]
scale=[-4.524238, -3.4610143, -4.1297174]
scale=[-4.293974, -2.873079, -3.0100448]
scale=[-3.9543986, -3.2879002, -3.655378]
scale=[-3.7806263, -3.3223834, -3.7790112]
scale=[-4.102, -1.6293234, -3.6931427]
scale=[-3.047138, -1.8929632, -2.5182471]
scale=[-4.52444, -3.092896, -3.9193962]
scale=[-4.571485, -3.0282223, -3.9886398]
scale=[-4.2900553, -3.1039333, -3.7486017]
scale=[-3.707403, -3.1647375, -3.370514]
scale=[-4.7288623, -3.2730377, -3.4784732]
scale=[-4.3990903, -2.7323766, -3.819963]
scale=[-4.0369673, -2.0088625, -3.878018]
scale=[-3.860651, -2.820746, -3.6296134]
scale=[-4.4031157, -2.5514643, -4.0090594]
scale=[-4.708687, -3.000011, -4.3208]
