Loaded 3616103 Gaussians
min xyz= [-64.89617, -82.048355, -71.523445]
max xyz= [54.875557, 14.872151, 97.003265]
rotation=[0.99450654, -0.027481828, -0.09825481, -0.023402322]
rotation=[0.99387324, -0.06793803, 0.0068303295, 0.08691262]
rotation=[0.99510515, -0.05189624, 0.0031145376, 0.08404146]
rotation=[0.99639094, -0.046511054, 0.012124153, 0.06996318]
rotation=[0.957196, 0.07713461, -0.22911584, -0.15916006]
rotation=[0.94686395, 0.053470656, -0.2626211, -0.17781927]
rotation=[0.9932656, -0.04593365, -0.018577524, 0.104730204]
rotation=[0.9583445, 0.09180135, -0.17785731, 0.20375222]
rotation=[0.9865677, -0.026595125, -0.025360584, 0.15916567]
rotation=[0.99727565, 0.06284435, -0.0342269, 0.017897692]
rotation=[0.99559134, 0.044422302, -0.08261085, -0.00034681027]
rotation=[0.9898732, 0.09792993, -0.03465595, 0.09674603]
rotation=[0.98275715, 0.098959744, 0.0210509, 0.15476494]
rotation=[0.9837482, -0.107279085, 0.025110694, 0.14177509]
rotation=[0.9717342, -0.11370474, 0.043244697, 0.20232123]
rotation=[0.96756387, -0.118819535, 0.052054048, 0.21677728]
rotation=[0.96830714, -0.098635085, 0.04534778, 0.22493552]
rotation=[0.97605485, 0.10334474, 0.104981534, 0.16004862]
rotation=[0.9898752, 0.097925685, -0.034739405, 0.096699625]
rotation=[0.98258334, 0.16479667, 0.053714514, 0.06698309]
rotation=[0.9955623, 0.066872604, -0.062555075, -0.021694407]
rotation=[0.9982094, 0.04435022, -0.04013471, -0.00028579638]
rotation=[0.9982086, 0.04434587, -0.040160917, -0.00027278095]
rotation=[0.9870283, -0.065562144, -0.14066283, -0.041117296]
rotation=[0.98876905, -0.049872626, -0.10793655, 0.0905444]
rotation=[0.94594646, -0.039280012, 0.11902734, 0.29912367]
rotation=[0.9873804, -0.04986092, -0.05926939, 0.13813421]
rotation=[0.98469067, -0.06870887, -0.08029532, 0.13862164]
rotation=[0.962182, -0.13903761, -0.02267892, 0.23315245]
rotation=[0.93993884, -0.089228414, -0.25571728, 0.20775414]
rotation=[0.9340208, -0.06862628, -0.29239282, 0.19339645]
rotation=[0.93434346, -0.06939563, -0.29179737, 0.19245997]
rotation=[0.9814435, 0.10285373, 0.021747893, 0.16036443]
rotation=[0.99251705, 0.020740803, -0.11782037, 0.024457289]
rotation=[0.99498487, -0.009071072, -0.08315779, 0.05484188]
rotation=[0.98790663, -0.13594629, -0.058290944, -0.046489056]
rotation=[0.99732304, -0.00809851, 0.023378724, 0.06880767]
rotation=[0.9977986, -0.03144552, 0.027773157, 0.051358268]
rotation=[0.72566956, -0.22314024, -0.6168607, 0.20759316]
rotation=[0.74770015, -0.09076163, -0.58588713, 0.2990704]
rotation=[0.75683314, -0.08139669, -0.5599098, 0.3272295]
rotation=[0.70067656, -0.27191964, -0.63762957, 0.16893977]
rotation=[0.6653432, -0.37062645, -0.64532274, 0.059270084]
rotation=[0.71538156, -0.2936752, -0.6181457, 0.1409961]
rotation=[0.73950773, -0.16712825, -0.6133427, 0.221376]
rotation=[0.7185719, -0.15925312, -0.62595934, 0.25781342]
rotation=[0.71231616, -0.17872761, -0.63982016, 0.2264783]
rotation=[0.82296383, 0.12715521, -0.5367611, 0.13582915]
rotation=[0.8940357, -0.033254668, -0.4459846, 0.026303826]
rotation=[0.8432271, -0.3281353, -0.36721936, -0.21551186]
rotation=[0.8874844, -0.047514632, -0.4578749, 0.02154611]
rotation=[0.8950953, -0.11335183, -0.4307047, -0.021196498]
rotation=[0.8700021, -0.03534117, -0.48838615, 0.057674024]
rotation=[0.88291854, -0.0265905, -0.467015, 0.040554613]
rotation=[0.8583415, -0.10953946, -0.4997927, -0.03818725]
rotation=[0.59042776, 0.3357177, -0.5620631, 0.47198915]
rotation=[0.87430185, -0.23633549, -0.3969657, -0.14886236]
rotation=[0.87134373, -0.26893657, -0.37378767, -0.16945803]
rotation=[0.89994234, -0.19689316, -0.372702, -0.111490756]
rotation=[0.8029194, 0.047397587, -0.5773884, 0.14034446]
rotation=[0.9050037, -0.104166314, -0.41172466, -0.024502976]
rotation=[0.7266037, 0.45820606, -0.48541164, 0.16269529]
rotation=[0.67858213, 0.5522802, -0.40909174, 0.25914636]
rotation=[0.5105802, 0.4453176, -0.5550166, 0.4826559]
rotation=[0.7117427, 0.2373664, -0.5432096, 0.37683246]
rotation=[0.89486057, -0.21697561, -0.3686753, -0.12737624]
rotation=[0.67924094, 0.5443949, -0.1441907, 0.4706112]
rotation=[0.6421741, 0.5124487, -0.10192786, 0.5609094]
rotation=[0.4703107, 0.40422335, -0.5614656, 0.54787564]
rotation=[0.4485466, 0.4176852, -0.57060254, 0.5465874]
rotation=[0.8677233, 0.15693866, -0.46446088, 0.08186938]
rotation=[0.8626639, 0.19932088, -0.45866206, 0.07557217]
rotation=[0.8674432, 0.1422141, -0.476267, 0.02207289]
rotation=[0.8655991, 0.2367121, -0.4169244, 0.14449802]
rotation=[0.832322, -0.17205009, -0.45303035, -0.26907697]
rotation=[0.8538027, -0.16548546, -0.4216312, -0.2566371]
rotation=[0.8963405, 0.059321728, -0.43481797, -0.06315006]
rotation=[0.82236123, 0.33004504, -0.4478156, 0.11938754]
rotation=[0.84170705, 0.2886739, -0.4499435, 0.07581201]
rotation=[0.8008339, 0.41035175, -0.3184634, 0.29808995]
rotation=[0.8236676, 0.29992625, -0.44850418, 0.17452787]
rotation=[0.83936745, 0.34753552, -0.3559387, 0.21906395]
rotation=[0.6479444, 0.5722759, -0.20584549, 0.45858034]
rotation=[0.8908856, 0.18531959, -0.40146405, 0.10395161]
rotation=[0.8575755, 0.15098365, -0.46714643, 0.15343547]
rotation=[0.6232309, 0.5909669, -0.17862654, 0.4800353]
rotation=[0.64539605, 0.5829882, -0.14654927, 0.47128758]
rotation=[0.83514035, 0.28579387, -0.45134205, 0.13096854]
rotation=[0.9082666, 0.016697831, -0.4148949, -0.051332723]
rotation=[0.85892487, 0.34098905, -0.31411007, 0.21750738]
rotation=[0.85997736, 0.16956355, -0.45798025, 0.14812592]
rotation=[0.7276627, 0.54457057, -0.31262136, 0.2760756]
rotation=[0.7739991, 0.49030942, -0.31125256, 0.25227737]
rotation=[0.73003477, 0.5210765, -0.3095956, 0.31571975]
rotation=[0.7477171, 0.5176642, -0.2954303, 0.2926841]
rotation=[0.83150196, 0.056997716, -0.5359042, 0.13476826]
rotation=[0.82646626, 0.10575779, -0.5411494, 0.11369271]
rotation=[0.93510056, 0.19858947, -0.2615184, 0.13325638]
rotation=[0.9417081, -0.016239328, -0.32631344, -0.08026039]
rotation=[0.8267285, 0.32559973, -0.437795, 0.13725989]
rotation=[0.83634675, 0.26645887, -0.44713825, 0.17202109]
rotation=[0.8383525, 0.2613562, -0.46552974, 0.110182166]
rotation=[0.8623626, 0.34856337, -0.2355866, 0.28166166]
rotation=[0.8243943, 0.40050462, -0.16252814, 0.3654514]
rotation=[0.51472276, 0.034370948, -0.51227164, -0.6866271]
rotation=[0.86578935, -0.18110293, -0.39710033, -0.24478947]
rotation=[0.87341416, 0.11156531, -0.47265735, 0.036000557]
rotation=[0.864724, -0.085819155, -0.4344432, -0.23695262]
rotation=[0.8241155, 0.08943896, -0.55918866, 0.01193455]
rotation=[0.8583223, -0.16708386, -0.41317087, -0.2542747]
rotation=[0.8590327, -0.18598239, -0.40505913, -0.2517942]
rotation=[0.83464944, -0.22498672, -0.37736544, -0.33216965]
rotation=[0.8982134, 0.026318746, -0.4387655, -0.0022220241]
rotation=[0.67698026, 0.5808072, -0.4304212, 0.1381963]
rotation=[0.85133046, 0.2500326, -0.4437326, 0.12578379]
rotation=[0.81561047, 0.3449823, -0.4348285, 0.16337398]
rotation=[0.7717304, 0.4793933, -0.31921923, 0.26965442]
rotation=[0.766383, 0.41418347, -0.38013875, 0.31081128]
rotation=[0.7563715, 0.47782174, -0.39646843, 0.2059157]
rotation=[0.8557875, 0.23946714, -0.45408583, 0.06394728]
rotation=[0.7938864, 0.24391092, -0.5149929, 0.21221252]
rotation=[0.81672347, 0.34068424, -0.4432459, 0.14293443]
rotation=[0.6993186, 0.2730553, -0.58074725, 0.3148443]
rotation=[0.8650009, 0.26445293, -0.40532193, 0.13248487]
rotation=[0.8121674, 0.32945353, -0.45852438, 0.14696862]
rotation=[0.8406752, 0.3356812, -0.41239414, 0.10254061]
rotation=[0.8358069, -0.0072529125, -0.5293234, -0.14557114]
rotation=[0.8740706, 0.11263983, -0.4711685, -0.03623664]
rotation=[0.87807536, 0.14366737, -0.45636973, -0.008366422]
rotation=[0.88514364, 0.0049432535, -0.43018723, 0.1772997]
rotation=[0.87320316, 0.14204878, -0.44822976, 0.12817338]
rotation=[0.849232, 0.09375747, -0.5196198, 0.003123836]
rotation=[0.7382518, -0.060546827, -0.5258168, -0.418133]
rotation=[0.8857441, 0.09460518, -0.3760126, -0.2551899]
rotation=[0.8727455, 0.07926239, -0.47831532, -0.05698476]
rotation=[0.9264748, -0.14111207, -0.3108331, 0.15847589]
rotation=[0.9272021, -0.09270634, -0.3553756, 0.07355215]
rotation=[0.8756919, -0.0439181, -0.4478854, 0.17502442]
rotation=[0.8830008, -0.044406082, -0.4346577, 0.17149487]
rotation=[0.90387917, -0.05120688, -0.40716508, 0.12081693]
rotation=[0.816842, 0.31410488, -0.45677745, 0.15956691]
rotation=[0.8552454, 0.24226862, -0.44720444, 0.0993451]
rotation=[0.8570757, 0.23400424, -0.44985762, 0.09105675]
rotation=[0.8251344, 0.28784955, -0.46524695, 0.14085837]
rotation=[0.81992275, 0.2975066, -0.46544436, 0.15026024]
rotation=[0.83701956, 0.28915042, -0.45035467, 0.11388992]
rotation=[0.8278643, 0.25084752, -0.4731474, 0.16687633]
rotation=[0.87244713, 0.2520912, -0.39918482, 0.12624387]
rotation=[0.8421793, -0.029806491, -0.5376535, -0.027828204]
rotation=[0.88542587, -0.11478884, -0.44482782, 0.070518106]
rotation=[0.7314221, 0.5022394, -0.32006955, 0.33216372]
rotation=[0.87300754, 0.20403121, -0.44081676, 0.04370098]
rotation=[0.8616579, 0.1997471, -0.46163735, 0.067362495]
rotation=[0.71600014, 0.5372333, -0.35963574, 0.2634127]
rotation=[0.82023203, 0.36031616, -0.39762238, 0.1982121]
rotation=[0.84542644, 0.2346966, -0.47006634, 0.09596478]
rotation=[0.90906376, 0.021495847, -0.40374738, -0.10064271]
rotation=[0.8097948, 0.3585729, -0.41575018, 0.2069049]
rotation=[0.8743045, 0.086830854, -0.47466922, -0.05235593]
rotation=[0.8767875, 0.04602366, -0.47325632, -0.07179084]
rotation=[0.89469886, 0.0663866, -0.43633837, -0.06867073]
rotation=[0.8808255, 0.055628035, -0.46487778, -0.070288576]
rotation=[0.8713785, 0.23955183, -0.40678898, 0.13355601]
rotation=[0.8365836, 0.12424616, -0.53241205, -0.035044838]
rotation=[0.82203263, 0.2753332, -0.47392476, 0.15443239]
rotation=[0.841449, 0.09066883, -0.52836585, -0.06761758]
rotation=[0.8254773, 0.27230832, -0.47537056, 0.135861]
rotation=[0.81811714, 0.33928925, -0.4198901, 0.19813989]
rotation=[0.7704495, 0.36804494, -0.46764612, 0.22859925]
rotation=[0.7698537, 0.30190924, -0.4798356, 0.29314473]
rotation=[0.8514386, 0.33898404, -0.3462312, 0.20066431]
rotation=[0.8154819, 0.3772626, -0.40712935, 0.16403623]
rotation=[0.6927623, 0.31163913, -0.6132925, 0.21641083]
rotation=[0.8770569, 0.28441694, -0.3555009, 0.15328838]
rotation=[0.8676201, 0.15086333, -0.47334844, 0.020416165]
rotation=[0.82459563, 0.30973658, -0.44877365, 0.15069012]
rotation=[0.7616939, 0.41900098, -0.4275882, 0.24784869]
rotation=[0.89467806, 0.24767046, -0.33101687, 0.16922878]
rotation=[0.84432435, 0.25356847, -0.44495702, 0.15758401]
rotation=[0.6904479, 0.57505906, -0.33375934, 0.28494456]
rotation=[0.84733146, 0.1715967, -0.5000163, -0.050672617]
rotation=[0.8774091, 0.13044682, -0.45697537, -0.065653406]
rotation=[0.844545, 0.27161595, -0.4164679, 0.19880366]
rotation=[0.77107453, 0.42836806, -0.2980292, 0.36486092]
rotation=[0.7522013, 0.46608102, -0.28944975, 0.364939]
rotation=[0.8606426, 0.31308752, -0.39509597, 0.07190091]
rotation=[0.8383599, 0.30165488, -0.45002848, 0.060261734]
rotation=[0.81015855, 0.349803, -0.46034858, 0.09674844]
rotation=[0.8842263, 0.089325935, -0.44784847, -0.097961426]
rotation=[0.87897, 0.07746106, -0.45955622, -0.10109161]
rotation=[0.6943391, 0.57657945, -0.3075989, 0.3013838]
rotation=[0.72416943, 0.38175085, -0.49287504, 0.2948205]
rotation=[0.8595101, 0.21754336, -0.4473074, 0.11761556]
rotation=[0.7638958, 0.32951576, -0.50768, 0.22392774]
rotation=[0.7871376, 0.26630807, -0.53386, 0.15648559]
rotation=[0.8556001, 0.20723765, -0.4737285, 0.024130942]
rotation=[0.7900001, 0.32636756, -0.4848741, 0.18515208]
rotation=[0.8182842, 0.28472167, -0.4625189, 0.1882043]
rotation=[0.8657023, 0.13067572, -0.48259386, 0.024218231]
rotation=[0.8569864, 0.20742229, -0.45754138, 0.11491817]
rotation=[0.82481116, 0.18840124, -0.52369887, 0.099654034]
rotation=[0.87531507, 0.05897264, -0.47983032, 0.010427755]
rotation=[0.8537209, -0.076533325, -0.4684779, -0.21408355]
rotation=[0.81103283, 0.37631768, -0.42643103, 0.13699418]
rotation=[0.9224612, 0.12350515, -0.36353585, -0.040663272]
rotation=[0.8500755, -0.089299016, -0.4693893, -0.22151977]
rotation=[0.8765747, 0.021218285, -0.46898273, -0.1059329]
rotation=[0.77313626, 0.43626735, -0.41495138, 0.1993652]
rotation=[0.75244826, 0.48650053, -0.40436223, 0.18338479]
rotation=[0.76461995, 0.40680385, -0.48227337, 0.13145109]
rotation=[0.749594, 0.4541962, -0.43120152, 0.21419589]
rotation=[0.7283899, 0.49320385, -0.39517897, 0.264635]
rotation=[0.8864518, 0.2258356, -0.39876735, 0.06470116]
rotation=[0.86146176, 0.27090794, -0.42076117, 0.08632902]
rotation=[0.8866096, 0.056576613, -0.4559195, -0.053477727]
rotation=[0.9190893, 0.06723256, -0.37844127, -0.086815305]
rotation=[0.8884146, 0.08048537, -0.45121372, -0.025448948]
rotation=[0.8483932, 0.22662024, -0.47289363, 0.07241412]
rotation=[0.7796069, 0.27438256, -0.53520006, 0.17460869]
rotation=[0.8024786, 0.18898289, -0.5595488, 0.08496244]
rotation=[0.8038956, 0.35719237, -0.3928974, 0.26794994]
rotation=[0.88488054, 0.09695073, -0.4538194, -0.040433455]
rotation=[0.77966666, 0.33117014, -0.52855635, 0.055446945]
rotation=[0.7834432, 0.35105532, -0.5108819, 0.044458177]
rotation=[0.8402714, 0.3014282, -0.45014176, 0.021386053]
rotation=[0.8616227, 0.057713527, -0.49763742, -0.08144015]
rotation=[0.82403326, 0.25800675, -0.48467764, 0.13960406]
rotation=[0.87672216, 0.020344824, -0.46186233, 0.13276844]
rotation=[0.9121124, 0.0816499, -0.40098876, -0.024338068]
rotation=[0.8505665, 0.0837995, -0.5188399, -0.017875576]
rotation=[0.8887682, 0.037694946, -0.45261958, -0.06169023]
rotation=[0.8788995, 0.060788855, -0.46996444, -0.054531954]
rotation=[0.8545546, 0.21265057, -0.4678611, 0.07498158]
rotation=[0.828591, 0.27017093, -0.48784634, 0.049502503]
rotation=[0.8367827, 0.24345157, -0.4898153, 0.02463868]
rotation=[0.8868716, 0.107751355, -0.44913495, -0.011234781]
rotation=[0.82999855, 0.33532485, -0.4072449, 0.18113855]
rotation=[0.8635078, 0.23973683, -0.43766332, 0.07301628]
rotation=[0.8778221, 0.048915077, -0.47327492, -0.05519566]
rotation=[0.92182714, 0.030359447, -0.37836874, -0.07842243]
rotation=[0.853899, 0.05271631, -0.51491284, -0.054242287]
rotation=[0.89816946, 0.054115668, -0.4330716, -0.053029425]
rotation=[0.8506364, 0.22506313, -0.1910011, 0.43506646]
rotation=[0.84269327, 0.1265262, -0.5232916, -0.005014017]
rotation=[0.8279645, 0.12999134, -0.5454951, 0.0034948315]
rotation=[0.8357501, 0.31509012, -0.42320693, 0.15210494]
rotation=[0.852542, 0.33034262, -0.37126353, 0.161893]
rotation=[0.8724281, 0.10330796, -0.4749108, -0.051539946]
rotation=[0.76780516, 0.26669228, -0.58100635, 0.042215064]
rotation=[0.8241492, 0.2849496, -0.47572622, 0.11517991]
rotation=[0.89561844, 0.35308573, -0.25856763, 0.07962986]
rotation=[0.9115815, -0.042129595, -0.37915123, 0.15325968]
rotation=[0.8329063, 0.33575612, -0.4212863, 0.12669978]
rotation=[0.86874074, 0.29060754, -0.28009957, 0.28702095]
rotation=[0.7637599, 0.36135885, -0.4681017, 0.2587883]
rotation=[0.9414692, 0.13195239, -0.1885487, 0.24632062]
rotation=[0.88678724, 0.29507872, -0.25239855, 0.25066286]
rotation=[0.93756926, 0.14062521, -0.20168318, 0.24599256]
rotation=[0.7533346, -0.13720223, -0.63271725, 0.11546144]
rotation=[0.86921704, -0.18084414, -0.43054804, -0.16243644]
rotation=[0.73067945, 0.49767444, -0.2562578, 0.3908447]
rotation=[0.85641325, -0.23974384, -0.39997375, -0.22158566]
rotation=[0.75976634, -0.36557245, -0.50660795, -0.18016708]
rotation=[0.8288124, 0.19372375, -0.48904812, 0.1907172]
rotation=[0.8702184, 0.0038197888, -0.4924048, -0.015587988]
rotation=[0.9507776, 0.052747753, -0.30499107, 0.014836615]
rotation=[0.87880814, -0.11522547, -0.46130165, -0.04025238]
rotation=[0.8120126, -0.31466797, -0.38985616, -0.2993857]
rotation=[0.8195342, 0.07932976, -0.5630166, -0.07129394]
rotation=[0.91504276, 0.19550896, -0.28833452, 0.20331343]
rotation=[0.87685096, 0.13545246, -0.4612292, -0.007254726]
rotation=[0.8502583, 0.15144381, -0.5023421, -0.042166565]
rotation=[0.8518257, 0.108661644, -0.51165193, -0.028245324]
rotation=[0.820428, 0.17289689, -0.54264355, 0.050424993]
rotation=[0.82850814, 0.07285347, -0.55199265, -0.059756555]
rotation=[0.8288976, 0.08034851, -0.5507908, -0.05569805]
rotation=[0.72703254, 0.4852135, -0.27460903, 0.4007261]
rotation=[0.6818586, 0.50491476, -0.22228503, 0.48033243]
rotation=[0.6748994, 0.5153084, -0.2189698, 0.48064563]
rotation=[0.79145026, 0.4080731, -0.25620225, 0.3760895]
rotation=[0.770048, 0.4077877, -0.37903467, 0.3115572]
rotation=[0.8118569, 0.3104226, -0.41107294, 0.27485475]
rotation=[0.8553263, -0.011188031, -0.5139708, 0.06423354]
rotation=[0.8324383, 0.020066887, -0.5393256, 0.12558508]
rotation=[0.83676875, 0.14840831, -0.51892036, 0.09227539]
rotation=[0.8670919, -0.028355306, -0.4917561, 0.07432127]
rotation=[0.86298007, -0.1755076, -0.4406824, -0.17395866]
rotation=[0.8598622, -0.37867954, -0.29051882, -0.18121131]
rotation=[0.6420956, 0.34027964, -0.6205833, 0.29461727]
rotation=[0.6523467, 0.32084072, -0.6214047, 0.29216644]
rotation=[0.75574183, 0.29315335, -0.5618338, 0.16510065]
rotation=[0.8903309, 0.040982775, -0.44986922, -0.056999143]
rotation=[0.7396808, 0.36777788, -0.48006892, 0.29520416]
rotation=[0.8000925, 0.39010897, -0.3789519, 0.2531054]
rotation=[0.8949129, 0.025542136, -0.43441886, -0.09878631]
rotation=[0.71999973, 0.19603033, -0.6566125, 0.109692805]
rotation=[0.6453592, 0.6110829, -0.18841515, 0.4178382]
rotation=[0.6803477, 0.582278, -0.3000327, 0.3287243]
rotation=[0.82311577, 0.32831222, -0.4421977, 0.13839318]
rotation=[0.8608022, 0.24082085, -0.4454141, 0.05129598]
rotation=[0.8291049, 0.26801208, -0.4853116, 0.07229962]
rotation=[0.7986186, 0.41258845, -0.39776915, 0.18373558]
rotation=[0.7440035, 0.5149161, -0.37034753, 0.21014972]
rotation=[0.9099417, -0.025843456, -0.39382488, -0.12743667]
rotation=[0.78428656, 0.36277086, -0.4567841, 0.21128191]
rotation=[0.89022666, 0.12792188, -0.4351032, -0.042633116]
rotation=[0.88212377, 0.16523899, -0.4409816, -0.009435452]
rotation=[0.63782024, 0.6627506, -0.27859107, 0.27628627]
rotation=[0.5594449, 0.7260642, -0.20417762, 0.34374955]
rotation=[0.5789134, 0.7162207, -0.23661885, 0.3096753]
rotation=[0.8111362, 0.35262114, -0.43836337, 0.15985642]
rotation=[0.6004909, 0.6965696, -0.24705286, 0.3052317]
rotation=[0.83874434, 0.1301872, -0.5275341, -0.035592668]
rotation=[0.83826244, 0.33927044, -0.4042501, 0.13708891]
rotation=[0.8450037, 0.06743189, -0.5222202, -0.09331568]
rotation=[0.6470568, 0.60895383, -0.2900448, 0.35548103]
rotation=[0.6007841, 0.6864061, -0.22089216, 0.34512562]
rotation=[0.78624463, 0.27125052, -0.5527953, 0.051574357]
rotation=[0.73175937, 0.48705214, -0.41590807, 0.23308568]
rotation=[0.75177705, 0.46332705, -0.41875833, 0.21166201]
rotation=[0.5304459, 0.7431628, -0.17499074, 0.3683943]
rotation=[0.74918664, 0.4924514, -0.35517853, 0.2646871]
rotation=[0.66618615, 0.5791388, -0.3461245, 0.3177925]
rotation=[0.6762629, 0.5624684, -0.20319234, 0.4301286]
rotation=[0.8293215, 0.3590507, -0.41002426, 0.12324179]
rotation=[0.8599892, -0.0022321658, -0.49997213, 0.102183156]
rotation=[0.84414536, 0.32952964, -0.31247357, 0.28493705]
rotation=[0.80676407, 0.32975134, -0.38122126, 0.308328]
rotation=[0.7826673, 0.37048402, -0.45571604, 0.20614685]
rotation=[0.75518745, 0.4308179, -0.45583645, 0.19052805]
rotation=[0.77110094, 0.36791205, -0.47207287, 0.21723545]
rotation=[0.78695285, 0.3985489, -0.42351207, 0.20615862]
rotation=[0.8299881, 0.35246223, -0.33962372, 0.26748046]
rotation=[0.95824814, -0.18838021, -0.10460208, -0.18796748]
rotation=[0.92211556, -0.109764196, -0.3643152, -0.07020845]
rotation=[0.921346, -0.18432426, -0.31119302, -0.14249569]
rotation=[0.90304947, 0.038417123, -0.42707148, -0.025214469]
rotation=[0.99142736, 0.077023506, -0.092861526, -0.050159015]
rotation=[0.98345655, 0.106356725, -0.10143069, -0.10589196]
rotation=[0.88377494, 0.06116685, -0.45387188, 0.09592099]
rotation=[0.909146, 0.026287364, -0.41538185, 0.014841547]
rotation=[0.8877548, 0.046950568, -0.45676774, 0.03241042]
rotation=[0.9697959, -0.087146275, -0.20224111, -0.10488143]
rotation=[0.85358363, 0.10780534, -0.5007948, 0.09475004]
rotation=[0.72833467, 0.17473835, -0.64464796, 0.1530498]
rotation=[0.9180721, -0.19145702, -0.20428051, -0.28063717]
rotation=[0.981126, -0.07405173, -0.1545225, -0.08961587]
rotation=[0.9452891, -0.12621629, -0.28404608, -0.09907475]
rotation=[0.86534804, -0.3408152, -0.17530523, -0.32293332]
rotation=[0.968617, -0.11414875, -0.19021738, -0.11210906]
rotation=[0.9268421, -0.054164264, -0.3659074, -0.0643561]
rotation=[0.95242035, -0.079846054, -0.2829133, -0.08049954]
rotation=[0.9764864, 0.13767058, -0.025695963, 0.16389294]
rotation=[0.9877873, 0.13915649, 0.0050848206, 0.06989884]
rotation=[0.8576453, 0.35370442, -0.08687827, -0.3630288]
rotation=[0.91734934, 0.30240762, -0.03513288, -0.25648674]
rotation=[0.80040234, 0.58026093, -0.103249155, -0.10951172]
rotation=[0.8895934, 0.37128994, -0.22611548, 0.14014001]
rotation=[0.8897975, 0.3436873, -0.25322574, 0.16129516]
rotation=[0.7491646, 0.62956434, 0.1973774, -0.05867976]
rotation=[0.6764198, 0.69456923, 0.23482871, -0.069895655]
rotation=[0.8188692, 0.5302402, -0.20461681, -0.08019078]
rotation=[0.7735963, 0.5663436, -0.23794727, -0.15551421]
rotation=[0.80752057, 0.5075263, -0.23715957, -0.18461604]
rotation=[0.957041, 0.17163219, -0.23322615, -0.014847482]
rotation=[0.987665, 0.090704165, -0.11488256, 0.055610348]
rotation=[0.97604394, 0.15348737, -0.08249989, 0.13028309]
rotation=[0.722492, 0.6424637, 0.25536165, -0.0060175955]
rotation=[0.83150184, 0.48882177, 0.084816486, -0.24992828]
rotation=[0.87147063, 0.40864313, 0.205499, 0.1769744]
rotation=[0.92938477, 0.30403122, 0.18346234, 0.10074965]
rotation=[0.9412732, 0.26332244, 0.18957141, 0.09342758]
rotation=[0.8437631, 0.03904757, -0.13391732, -0.5182714]
rotation=[0.65493864, 0.111171894, -0.31118834, -0.6796013]
rotation=[0.9963679, 0.067859925, -0.00066077086, -0.05143636]
rotation=[0.94973916, 0.23738009, -0.19749217, 0.051410876]
rotation=[0.92220664, 0.18483084, 0.03791398, -0.3375425]
rotation=[0.9327357, 0.04663118, -0.1488497, -0.3250747]
rotation=[0.98667014, 0.14947748, 0.051374316, -0.038719937]
rotation=[0.98130786, 0.17411937, 0.018221388, -0.079908594]
rotation=[0.92870545, 0.1964988, 0.049522337, -0.310551]
rotation=[0.94159836, 0.24835052, 0.17076266, -0.15018174]
rotation=[0.93219006, 0.20404895, 0.056055386, -0.29367247]
rotation=[0.90181726, 0.1926943, 0.0064046495, -0.38672143]
rotation=[0.95291424, 0.30172533, 0.011744596, -0.027898615]
rotation=[0.9732152, 0.22472218, 0.024411373, 0.041907094]
rotation=[0.8790475, 0.4454248, -0.0055884523, -0.1698264]
rotation=[0.87439644, 0.4579414, 0.060379196, -0.14857596]
rotation=[0.8510686, 0.46870637, 0.22403863, 0.07617953]
rotation=[0.9341913, 0.35256878, -0.03516805, -0.04177467]
rotation=[0.9779335, 0.20737527, -0.025270382, -0.0016800165]
rotation=[0.94033223, 0.08064851, -0.3187194, 0.087687634]
rotation=[0.93036485, 0.09912136, -0.34008995, 0.09452519]
rotation=[0.9423039, 0.14411496, -0.2726397, 0.13023776]
rotation=[0.7721423, 0.22041444, -0.3776725, 0.46106088]
rotation=[0.9834892, 0.105068944, 0.11713372, -0.08938239]
rotation=[0.6619816, 0.14134796, -0.31672892, -0.66444254]
rotation=[0.77895427, 0.20814013, -0.18524437, -0.5617761]
rotation=[0.8429576, 0.072161645, -0.19406861, -0.4965406]
rotation=[0.9298973, 0.33226487, 0.15384047, -0.034989677]
rotation=[0.9685197, 0.23489206, 0.062112797, -0.054197688]
rotation=[0.8904056, 0.4327217, 0.14089923, 0.008785243]
rotation=[0.95655775, 0.23782381, 0.16166209, -0.047985397]
rotation=[0.91168344, 0.31064528, 0.2673208, 0.029534563]
rotation=[0.9346195, 0.3285004, 0.12655033, -0.050585993]
rotation=[0.8806774, 0.42905077, 0.1999143, 0.018896127]
rotation=[0.85743797, 0.46246195, 0.22129616, 0.04423827]
rotation=[0.8062625, 0.5255756, 0.26467216, 0.06049612]
rotation=[0.90029114, 0.2820189, 0.008050778, -0.33147603]
rotation=[0.9781673, 0.19346416, -0.026498789, -0.07112169]
rotation=[0.50410247, 0.20678115, -0.36357543, -0.75560254]
rotation=[0.69844663, 0.39681357, -0.19304375, -0.56342286]
rotation=[0.84618306, 0.2095288, -0.40605143, -0.2742156]
rotation=[0.8392676, -0.1693288, -0.5067218, -0.100948006]
rotation=[0.7031171, -0.5000838, -0.40638578, -0.3006547]
rotation=[0.79472774, -0.36606026, -0.42529297, -0.23137324]
rotation=[0.85628265, -0.17704847, -0.47819367, -0.08224757]
rotation=[0.8206025, -0.28167278, -0.4707582, -0.1601835]
rotation=[0.8894314, 0.03349861, -0.4544215, 0.035925213]
rotation=[0.85075665, -0.16096435, -0.49221188, -0.08961672]
rotation=[0.73949146, 0.16430974, -0.64992523, 0.06125152]
rotation=[0.85842025, -0.13651592, -0.4808439, -0.1151834]
rotation=[0.8502532, -0.15199581, -0.49760947, -0.07969602]
rotation=[0.8666344, 0.058076408, -0.4919238, 0.059856985]
rotation=[0.8685165, -0.19412386, -0.41372505, -0.19190228]
rotation=[0.8383324, 0.18228006, -0.49858275, 0.12404825]
rotation=[0.88441515, 0.022653807, -0.46603963, 0.010182943]
rotation=[0.840928, 0.12826708, -0.5071661, 0.13845639]
rotation=[0.935125, 0.21184292, -0.19240515, 0.20891161]
rotation=[0.86646634, -0.08593409, -0.48911875, -0.051129892]
rotation=[0.86162466, 0.06600924, -0.49881363, 0.06656357]
rotation=[0.8427314, -0.03786273, -0.5368216, -0.013878791]
rotation=[0.78039896, -0.34752247, -0.4611967, -0.23979819]
rotation=[0.6006623, -0.59600306, -0.37562603, -0.37800828]
rotation=[0.71329194, -0.4545699, -0.44868606, -0.28855082]
rotation=[0.7718042, -0.3587311, -0.47097492, -0.23197599]
rotation=[0.8331335, -0.15859668, -0.5214961, -0.0936875]
rotation=[0.84232146, -0.124523334, -0.52052814, -0.06355304]
rotation=[0.82746077, -0.1826649, -0.5195355, -0.10965911]
rotation=[0.84230715, -0.2091673, -0.4881971, -0.09182235]
rotation=[0.77203935, -0.35341838, -0.45863545, -0.2621151]
rotation=[0.84215736, -0.1574205, -0.5089708, -0.083298095]
rotation=[0.79614955, -0.34225637, -0.43204167, -0.2496928]
rotation=[0.8116779, -0.24174051, -0.51386505, -0.13668709]
rotation=[0.8134111, -0.34928942, -0.41141835, -0.21701214]
rotation=[0.8257783, -0.1307245, -0.5241503, -0.16207334]
rotation=[0.83898884, -0.12605248, -0.5234565, -0.0787513]
rotation=[0.8283517, 0.20567006, -0.48901516, 0.17999314]
rotation=[0.83886784, -0.22489186, -0.4767442, -0.1357914]
rotation=[0.78809917, -0.34279692, -0.45330527, -0.23644097]
rotation=[0.8114528, -0.24214241, -0.51280314, -0.14122465]
rotation=[0.7963787, -0.30422488, -0.50419223, -0.13790753]
rotation=[0.49024037, -0.7111312, -0.24219534, -0.44192547]
rotation=[0.79085773, -0.31323066, -0.49451125, -0.17857595]
rotation=[0.667633, -0.5173479, -0.41785672, -0.33468363]
rotation=[0.8313604, -0.24427047, -0.47248164, -0.16103707]
rotation=[0.85704154, -0.19422942, -0.46411893, -0.11112304]
rotation=[0.6332005, -0.121208936, -0.7634815, -0.03822872]
rotation=[0.7192822, -0.16114669, -0.65959966, -0.14694597]
rotation=[0.723413, -0.14303024, -0.6655374, -0.115220934]
rotation=[0.8428725, -0.24427046, -0.44670132, -0.17422901]
rotation=[0.744168, -0.46345797, -0.41867685, -0.2369184]
rotation=[0.8288536, -0.34977046, -0.36858362, -0.23411193]
rotation=[0.81239307, -0.17829578, -0.54300106, -0.11566347]
rotation=[0.91070956, -0.24123852, -0.326777, -0.075026564]
rotation=[0.73019385, -0.4119494, -0.48262033, -0.25336182]
rotation=[0.7832274, -0.31715193, -0.41941732, -0.33175093]
rotation=[0.7320205, -0.41734055, -0.4627961, -0.2753048]
rotation=[0.84367967, -0.058604952, -0.5286907, -0.07250005]
rotation=[0.8133256, -0.22354983, -0.517149, -0.14520308]
rotation=[0.7924235, -0.29226387, -0.493321, -0.20804137]
rotation=[0.77744085, -0.34047645, -0.48412478, -0.2128021]
rotation=[0.79156303, -0.30200562, -0.5013798, -0.17561023]
rotation=[0.6284383, -0.5845294, -0.35073057, -0.37467158]
rotation=[0.82151425, 0.19401549, -0.5194163, 0.13296278]
rotation=[0.829465, -0.17399105, -0.51586956, -0.12487407]
rotation=[0.8147985, -0.2199887, -0.49373636, -0.20960207]
rotation=[0.82605845, -0.10081836, -0.55325174, -0.037088018]
rotation=[0.90100527, 0.022336284, -0.4307224, 0.046571337]
rotation=[0.7981285, 0.34717208, -0.4336216, 0.23331247]
rotation=[0.78686744, 0.33618096, -0.49006456, 0.16630909]
rotation=[0.8501868, -0.070407145, -0.51992387, -0.043640442]
rotation=[0.7935249, -0.060783964, -0.605464, -0.00607007]
rotation=[0.81426305, 0.010918631, -0.57696164, 0.06302149]
rotation=[0.8197861, -0.2266525, -0.50496596, -0.14693135]
rotation=[0.85326815, -0.050170828, -0.51732445, -0.042328615]
rotation=[0.85856926, -0.037271857, -0.51059794, -0.027557962]
rotation=[0.8723412, -0.1671939, -0.45411333, -0.0696285]
rotation=[0.85151273, -0.040877737, -0.5188785, -0.063405335]
rotation=[0.8470769, 0.0967678, -0.521363, 0.03573803]
rotation=[0.86510533, -0.07072975, -0.48169938, -0.120647915]
rotation=[0.8113257, -0.2643315, -0.4714386, -0.22276661]
rotation=[0.82281226, -0.23476934, -0.47876135, -0.1965979]
rotation=[0.8885441, -0.012019968, -0.4581285, -0.021519454]
rotation=[0.8034956, 0.07666281, -0.5770014, 0.12484849]
rotation=[0.8246747, 0.107231446, -0.5232479, 0.18607752]
rotation=[0.8955682, 0.07437551, -0.4285019, -0.09387196]
rotation=[0.8139176, 0.29902503, -0.49235433, 0.07556116]
rotation=[0.8432595, 0.03978332, -0.53530264, 0.027960507]
rotation=[0.7927386, 0.254117, -0.51677626, 0.19983067]
rotation=[0.8362888, 0.026942605, -0.5475742, -0.007589838]
rotation=[0.8717054, 0.03877977, -0.48833233, 0.012541403]
rotation=[0.8252984, -0.18116234, -0.49939215, -0.19149451]
rotation=[0.8220367, 0.0820107, -0.55772436, -0.08045749]
rotation=[0.8391019, 0.11095312, -0.5287784, -0.06317399]
rotation=[0.848097, -0.14727378, -0.49101737, -0.13395424]
rotation=[0.8564119, -0.1070182, -0.49158883, -0.115957946]
rotation=[0.8134557, -0.188757, -0.5250872, -0.1641464]
rotation=[0.83614177, -0.13227227, -0.51400995, -0.13843709]
rotation=[0.7854027, -0.32110125, -0.4661366, -0.250506]
rotation=[0.84167707, -0.2204134, -0.47732145, -0.12313397]
rotation=[0.42470795, -0.7049568, -0.24630384, -0.511853]
rotation=[0.8643119, -0.07274236, -0.4975717, -0.0097876545]
rotation=[0.6231072, -0.56233615, -0.37659085, -0.3920394]
rotation=[0.65934974, -0.46483016, -0.47146913, -0.35624108]
rotation=[0.84129596, -0.16972646, -0.50192934, -0.107149735]
rotation=[0.81319535, -0.28923634, -0.47315803, -0.17657068]
rotation=[0.87487614, 0.008810458, -0.48250467, 0.04127085]
rotation=[0.819592, -0.2727055, -0.48094568, -0.15030587]
rotation=[0.77349514, -0.35054466, -0.475909, -0.2287667]
rotation=[0.76594937, -0.37541738, -0.45746434, -0.25121647]
rotation=[0.8799703, -0.012837186, -0.47468495, 0.0127151795]
rotation=[0.86752516, -0.12495904, -0.47443914, 0.08180951]
rotation=[0.86183226, -0.092962116, -0.49796593, -0.025163012]
rotation=[0.847965, -0.11275548, -0.5152307, 0.052715346]
rotation=[0.85651165, -0.24607116, -0.44661498, -0.07982406]
rotation=[0.86785257, -0.2662344, -0.41434473, -0.065342255]
rotation=[0.8735175, -0.2879991, -0.37788275, -0.10596362]
rotation=[0.86784464, -0.22118354, -0.44484723, -0.0058620074]
rotation=[0.8139017, -0.22634667, -0.4967526, -0.19891693]
rotation=[0.8240335, -0.23025708, -0.50055754, -0.13188073]
rotation=[0.8199087, -0.29371348, -0.4603535, -0.17192085]
rotation=[0.7947925, -0.32100618, -0.47585317, -0.19703719]
rotation=[0.74362844, -0.32632324, -0.54043454, -0.22013733]
rotation=[0.8212009, 0.21538585, -0.4919404, 0.19295765]
rotation=[0.89749163, -0.13718103, -0.39305544, -0.14559324]
rotation=[0.84052557, 0.1497284, -0.5085676, 0.1116123]
rotation=[0.7776962, -0.3248736, -0.47305825, -0.25663537]
rotation=[0.78725606, -0.3048064, -0.49865395, -0.19663459]
rotation=[0.8420289, -0.15929705, -0.5037182, -0.1089938]
rotation=[0.8292779, -0.17616156, -0.5164837, -0.12045742]
rotation=[0.8897814, 0.003842218, -0.45631957, 0.006834056]
rotation=[0.83866286, -0.25133193, -0.47556895, -0.08550415]
rotation=[0.78538156, -0.32179528, -0.48027897, -0.22125965]
rotation=[0.8536932, 0.007894595, -0.52052444, 0.01413943]
rotation=[0.860717, -0.017429033, -0.50865144, -0.011675229]
rotation=[0.7727462, -0.30681568, -0.51466954, -0.20938651]
rotation=[0.8385697, -0.20634438, -0.49664894, -0.08696328]
rotation=[0.8736259, -0.11773094, -0.46339336, -0.090463966]
rotation=[0.8473207, -0.010120562, -0.5309701, -0.003995831]
rotation=[0.7478045, -0.38796335, -0.44467565, -0.3041981]
rotation=[0.8586697, -0.15636441, -0.46789, -0.1389803]
rotation=[0.8664162, -0.03725707, -0.49776, 0.013032088]
rotation=[0.8145204, -0.25253388, -0.4948539, -0.16704091]
rotation=[0.58537793, -0.62225014, -0.3400437, -0.39307466]
rotation=[0.8189839, -0.2702856, -0.4675, -0.19404845]
rotation=[0.83744794, -0.14654277, -0.52084595, -0.07697842]
rotation=[0.8305699, 0.013841355, -0.55647, 0.017411126]
rotation=[0.71946, -0.46579635, -0.38707092, -0.3399813]
rotation=[0.80916506, -0.028725507, -0.58627087, -0.026707666]
rotation=[0.59004545, -0.60644644, -0.271645, -0.45856088]
rotation=[0.862592, -0.05713317, -0.50265783, 0.0024335864]
rotation=[0.77989864, -0.36143014, -0.43768835, -0.26373327]
rotation=[0.7901019, -0.23234265, -0.5214347, -0.22329769]
rotation=[0.85929966, -0.15798473, -0.46434358, -0.14501719]
rotation=[0.84628016, 0.18723142, -0.4710729, 0.16384329]
rotation=[0.8155031, -0.14633693, -0.5302664, -0.17988215]
rotation=[0.7788732, -0.30022126, -0.5111494, -0.20481695]
rotation=[0.65334725, -0.5390746, -0.37102664, -0.38062486]
rotation=[0.8828806, 0.12479818, -0.44080928, 0.10312363]
rotation=[0.8302855, 0.17100218, -0.50756735, 0.15414163]
rotation=[0.8972793, 0.07549076, -0.42900354, 0.0717428]
rotation=[0.89089847, -0.104778014, -0.43600422, -0.07226282]
rotation=[0.40363467, -0.73656476, -0.20533116, -0.50238484]
rotation=[0.4806897, -0.69069195, -0.2856211, -0.45858774]
rotation=[0.40459168, -0.7238677, -0.19712304, -0.5229375]
rotation=[0.8254779, -0.1386249, -0.5431102, -0.06633806]
rotation=[0.52802765, -0.6704069, -0.37758988, -0.3593984]
rotation=[0.52430654, -0.6087307, -0.4215985, -0.4204811]
rotation=[0.8523398, -0.15217197, -0.49139974, -0.09426994]
rotation=[0.8757967, 0.04855724, -0.47434196, 0.07498018]
rotation=[0.8602402, 0.07554972, -0.4827861, 0.1455907]
rotation=[0.86621875, 0.009992246, -0.4979494, 0.040144157]
rotation=[0.86748093, 0.05847396, -0.48576772, 0.08992985]
rotation=[0.8697094, -0.020169891, -0.49298993, 0.012632809]
rotation=[0.90511054, -0.21207355, -0.36120087, -0.07303219]
rotation=[0.9240847, -0.241076, -0.29642692, -0.008991998]
rotation=[0.9194603, -0.05117671, -0.38582826, -0.055770345]
rotation=[0.8896079, -0.19071415, -0.39539313, -0.12605599]
rotation=[0.924614, -0.1494309, -0.34427968, -0.065045856]
rotation=[0.8636495, -0.06824661, -0.49877134, -0.026058579]
rotation=[0.8772359, -0.0118960515, -0.47989792, -0.0037065467]
rotation=[0.89313644, 0.0017574619, -0.44925216, 0.021832954]
rotation=[0.81367284, -0.35255933, -0.43373272, -0.15973222]
rotation=[0.69518566, -0.45793545, -0.43572554, -0.34227967]
rotation=[0.8293305, -0.2141604, -0.49474514, -0.14687943]
rotation=[0.8320016, -0.18321204, -0.50752246, -0.12894842]
rotation=[0.81939435, -0.21610308, -0.51190877, -0.14086087]
rotation=[0.82771003, -0.23055968, -0.49161598, -0.14160584]
rotation=[0.79890746, -0.26383725, -0.51148194, -0.17470834]
rotation=[0.84495646, -0.12964351, -0.5148733, -0.06439342]
rotation=[0.849317, -0.10724859, -0.5149918, -0.044064134]
rotation=[0.8677559, 0.0022129202, -0.49680623, 0.013351599]
rotation=[0.8670745, 0.003433064, -0.49816665, -0.00032388236]
rotation=[0.8358025, -0.15884636, -0.51673424, -0.095852874]
rotation=[0.8240173, -0.235221, -0.47733197, -0.19447537]
rotation=[0.85071814, -0.16876325, -0.48735327, -0.10141201]
rotation=[0.8190679, -0.24827491, -0.48240155, -0.18648311]
rotation=[0.7793005, -0.35677528, -0.46996114, -0.21104166]
rotation=[0.8108661, -0.3228, -0.46354535, -0.15304273]
rotation=[0.8504204, -0.124630176, -0.50253445, -0.093335874]
rotation=[0.84711784, -0.061117653, -0.52695984, -0.031135114]
rotation=[0.8253363, -0.06586313, -0.5601957, -0.02574313]
rotation=[0.7920361, -0.45646444, -0.35308045, -0.19913131]
rotation=[0.8088712, -0.4359101, -0.35446337, -0.17339356]
rotation=[0.7981352, -0.25893107, -0.5145301, -0.17661674]
rotation=[0.848473, -0.08189146, -0.52063036, -0.04828303]
rotation=[0.5222825, -0.65937865, -0.2694719, -0.46885574]
rotation=[0.7841988, -0.34522143, -0.4450188, -0.26040873]
rotation=[0.8429624, 0.01166623, -0.5361747, -0.042367727]
rotation=[0.7780856, -0.08289364, -0.60014176, -0.16595586]
rotation=[0.8063509, -0.2101791, -0.5006834, -0.2343908]
rotation=[0.8370437, -0.14596401, -0.5124281, -0.12437748]
rotation=[0.8352961, -0.14160411, -0.51787853, -0.11845036]
rotation=[0.84465075, -0.19170015, -0.4687278, -0.17352381]
rotation=[0.8264428, 0.04649613, -0.55764705, 0.06213034]
rotation=[0.8474835, -0.09756098, -0.5178698, -0.06375273]
rotation=[0.840571, -0.14781319, -0.5089315, -0.112162456]
rotation=[0.88514775, -0.05604327, -0.45971653, -0.04509163]
rotation=[0.85013795, -0.07870488, -0.515634, -0.07205914]
rotation=[0.8041557, -0.2838764, -0.48632103, -0.19036731]
rotation=[0.8359356, -0.13787475, -0.52169836, -0.10016565]
rotation=[0.8305759, 0.05430067, -0.5515142, 0.055019885]
rotation=[0.86410266, -0.031478044, -0.5010612, -0.035683937]
rotation=[0.6318627, -0.5708302, -0.28468984, -0.4402887]
rotation=[0.8389451, -0.14805283, -0.5150881, -0.0945301]
rotation=[0.83102584, -0.20034333, -0.5017489, -0.13231203]
rotation=[0.7072446, -0.3691119, -0.56054384, -0.22215351]
rotation=[0.79107213, -0.37789288, -0.3845876, -0.28895378]
rotation=[0.8655555, -0.23118852, -0.41987246, -0.1451642]
rotation=[0.8243388, -0.3259061, -0.40390694, -0.22607519]
rotation=[0.80459, -0.3273657, -0.43355972, -0.23977631]
rotation=[0.8675076, 0.14249948, -0.45638782, 0.1372393]
rotation=[0.76398414, -0.37506655, -0.44433704, -0.2796746]
rotation=[0.58749384, -0.58766323, -0.24215037, -0.50086534]
rotation=[0.82562685, 0.009930586, -0.56160897, 0.05326297]
rotation=[0.88393784, -0.04335887, -0.46538562, -0.013784694]
rotation=[0.831969, -0.20357421, -0.4882634, -0.16728358]
rotation=[0.697637, -0.47596908, -0.44106057, -0.30368018]
rotation=[0.8349468, -0.21680242, -0.48511237, -0.1432708]
rotation=[0.888181, -0.22736794, -0.38978967, -0.08661565]
rotation=[0.77899367, -0.3697306, -0.43678573, -0.25629354]
rotation=[0.81167156, -0.31775025, -0.46158975, -0.16479984]
rotation=[0.824802, -0.22174913, -0.48395652, -0.19056526]
rotation=[0.8619567, 0.08092121, -0.49531463, 0.071734205]
rotation=[0.8710891, 0.029700913, -0.48924792, 0.030952103]
rotation=[0.8780136, -0.16996479, -0.40552682, -0.18908258]
rotation=[0.931015, -0.12329034, -0.34329888, 0.012504072]
rotation=[0.9094917, -0.30388638, -0.28152293, -0.03496647]
rotation=[0.83563477, -0.15101048, -0.51410955, -0.12083807]
rotation=[0.8435628, -0.17851244, -0.49032214, -0.12696193]
rotation=[0.85841703, -0.108261704, -0.49652416, -0.06973716]
rotation=[0.83114654, -0.30612177, -0.43565884, -0.16026925]
rotation=[0.84724784, -0.10331998, -0.51576513, -0.07404373]
rotation=[0.8479809, -0.21527, -0.4721488, -0.10799458]
rotation=[0.81097144, -0.27553344, -0.49943453, -0.13027562]
rotation=[0.87228644, -0.25078237, -0.41163284, -0.082358524]
rotation=[0.7836791, -0.34511894, -0.46285248, -0.22914517]
rotation=[0.8003623, -0.28218752, -0.5040134, -0.16050202]
rotation=[0.8495927, -0.15819274, -0.49159887, -0.107227705]
rotation=[0.8864874, 0.008343405, -0.46265808, -0.004216823]
rotation=[0.7552241, 0.29056793, -0.17176849, 0.56187403]
rotation=[0.86956406, 0.17926587, -0.10561773, 0.44784698]
rotation=[0.52787304, 0.66044337, -0.3280883, 0.42133436]
rotation=[0.6250495, 0.51075923, -0.33762956, 0.48419467]
rotation=[0.5828835, 0.5499788, -0.320844, 0.5048062]
rotation=[0.782705, -0.0366401, -0.61672765, -0.075348385]
rotation=[0.821013, 0.019630747, -0.5704862, -0.009889808]
rotation=[0.843198, -0.012498968, -0.53480095, -0.053374242]
rotation=[0.85972816, 0.0017149261, -0.50348496, -0.085834116]
rotation=[0.7947229, 0.08288386, -0.5994642, 0.046781845]
rotation=[0.8215785, 0.06764168, -0.5651471, 0.032281563]
rotation=[0.8014954, -0.24538037, -0.5020211, -0.21299845]
rotation=[0.79399115, -0.26461607, -0.49574292, -0.23193814]
rotation=[0.7859144, -0.28944236, -0.4814003, -0.25848672]
rotation=[0.33523336, 0.7399727, -0.13860787, 0.5664335]
rotation=[0.5848431, 0.6006131, -0.35871723, 0.41054153]
rotation=[0.5395269, 0.6212409, -0.39988065, 0.40381414]
rotation=[0.6024401, 0.5526782, -0.4734671, 0.32778296]
rotation=[0.790432, 0.45441958, -0.3958768, 0.10955306]
rotation=[0.72515154, 0.41895553, -0.4851861, 0.25144762]
rotation=[0.6546415, 0.4958885, -0.48067245, 0.30739722]
rotation=[0.8144153, -0.024630973, -0.57732165, -0.05311141]
rotation=[0.78237724, 0.2707787, -0.5468744, 0.12447214]
rotation=[0.5045308, 0.64444256, -0.315836, 0.47998962]
rotation=[0.55445784, 0.60724473, -0.36041227, 0.44037867]
rotation=[0.694071, 0.43598503, -0.5104481, 0.26004872]
rotation=[0.540329, 0.6289424, -0.3614055, 0.42645293]
rotation=[0.61608714, 0.5674048, -0.4120332, 0.3587716]
rotation=[0.5350855, 0.6535585, -0.35512838, 0.40053558]
rotation=[0.6864636, 0.46880576, -0.4862612, 0.2693305]
rotation=[0.66495967, 0.50106573, -0.4658601, 0.29956007]
rotation=[0.40915427, 0.6651309, -0.3819611, 0.49426648]
rotation=[0.7253082, 0.42084244, -0.497022, 0.22313401]
rotation=[0.82613397, -0.05774783, -0.5520244, -0.0971433]
rotation=[0.8191699, -0.03948263, -0.5700322, -0.049649164]
rotation=[0.3877471, 0.7423964, -0.21651064, 0.50162035]
rotation=[0.6544032, 0.5367381, -0.45020002, 0.28458503]
rotation=[0.6318915, 0.55174196, -0.42903498, 0.33499685]
rotation=[0.5283086, 0.6660421, -0.34147865, 0.40083712]
rotation=[0.47537655, 0.67536545, -0.32883805, 0.4580002]
rotation=[0.6966542, 0.35401547, -0.5848776, 0.21740326]
rotation=[0.4798292, 0.6310507, -0.46564806, 0.39333287]
rotation=[0.4487218, 0.648274, -0.4511166, 0.41819048]
rotation=[0.3732298, 0.7653956, -0.21755604, 0.4770099]
rotation=[0.5582086, 0.58911926, -0.49196783, 0.31513393]
rotation=[0.82505566, 0.18944013, -0.5225853, 0.10149017]
rotation=[0.84406114, 0.014362486, -0.5276142, -0.09475106]
rotation=[0.7503434, -0.006335791, -0.66019756, -0.032920923]
rotation=[0.41825005, 0.7133241, -0.31354216, 0.46682635]
rotation=[0.78961134, 0.25733578, -0.54328763, 0.123006865]
rotation=[0.81674206, -0.14890167, -0.54111594, -0.13399321]
rotation=[0.6561001, 0.5234606, -0.44130367, 0.31744727]
rotation=[0.65202075, 0.52910614, -0.42927763, 0.33262056]
rotation=[0.7387178, 0.38801816, -0.48276696, 0.26584578]
rotation=[0.7444531, 0.32293403, -0.5418959, 0.21875119]
rotation=[0.6041567, 0.5185381, -0.51929545, 0.31055635]
rotation=[0.8296875, 0.19370708, -0.5114986, 0.11164913]
rotation=[0.71674633, 0.29445502, -0.62877065, 0.064949]
rotation=[0.80246145, 0.16520281, -0.56929, 0.06835641]
rotation=[0.80454296, 0.14661731, -0.57355154, 0.04746258]
rotation=[0.9193562, 0.066446066, -0.38767502, 0.008788159]
rotation=[0.8715188, 0.33038005, -0.30927557, 0.18881927]
rotation=[0.72868663, 0.3132514, -0.55633855, 0.24774319]
rotation=[0.7831897, 0.2252354, -0.5659163, 0.12498634]
rotation=[0.5613504, 0.5338453, -0.26680687, 0.57333153]
rotation=[0.7961074, 0.23168814, -0.5030439, 0.24388637]
rotation=[0.57752526, 0.52489567, -0.27662915, 0.5607365]
rotation=[0.74894476, 0.17135394, -0.63959086, 0.02536349]
rotation=[0.77710825, 0.22920235, -0.5634997, 0.16136031]
rotation=[0.5602157, 0.58359, -0.48782766, 0.32803243]
rotation=[0.49844828, 0.6490598, -0.37230176, 0.4377924]
rotation=[0.78886, 0.18981187, -0.5534757, 0.18797861]
rotation=[0.7332517, 0.33714834, -0.52183014, 0.27634442]
rotation=[0.7851106, 0.041391686, -0.6064532, 0.11875432]
rotation=[0.80969304, 0.26170728, -0.51435614, 0.10650924]
rotation=[0.78911024, 0.0957335, -0.5836516, 0.1658036]
rotation=[0.7409173, 0.1487855, -0.6123421, 0.23225302]
rotation=[0.46574467, 0.6998274, -0.28922054, 0.4579029]
rotation=[0.6196988, 0.5812363, -0.3705175, 0.37530577]
rotation=[0.40509626, 0.70338947, -0.29903618, 0.50171465]
rotation=[0.4614186, 0.6965508, -0.297294, 0.46208894]
rotation=[0.4056791, 0.7321177, -0.2696688, 0.47613734]
rotation=[0.70220995, 0.41933483, -0.42971855, 0.3826243]
rotation=[0.81731915, 0.20149133, -0.53303295, 0.08524392]
rotation=[0.8403864, 0.29471317, -0.40504974, 0.20695327]
rotation=[0.7459835, 0.23699266, -0.60588443, 0.14229275]
rotation=[0.8058036, 0.19349875, -0.54842824, 0.111647524]
rotation=[0.43330988, 0.6120523, -0.19302298, 0.63275325]
rotation=[0.8276747, 0.17355588, -0.49537817, 0.19857876]
rotation=[0.79554456, 0.20012084, -0.53446907, 0.20347805]
rotation=[0.48142788, 0.590479, -0.22437786, 0.60763174]
rotation=[0.45636773, 0.67236733, -0.3255009, 0.48342517]
rotation=[0.62933177, 0.5108455, -0.4897784, 0.321085]
rotation=[0.49080858, 0.6572006, -0.4389734, 0.36673784]
rotation=[0.7252239, 0.3961562, -0.4927926, 0.27251798]
rotation=[0.6882203, 0.49561742, -0.38455346, 0.36446527]
rotation=[0.5749897, 0.5693453, -0.36484966, 0.4605621]
rotation=[0.737265, 0.42563844, -0.4405691, 0.28490537]
rotation=[0.8175256, 0.14384042, -0.54525274, 0.11688137]
rotation=[0.45143443, 0.67428255, -0.23778698, 0.53386074]
rotation=[0.49009424, 0.6539355, -0.3519277, 0.45642385]
rotation=[0.61682224, 0.58028305, -0.3072688, 0.43403655]
rotation=[0.75250036, 0.4326622, -0.39547345, 0.30024567]
rotation=[0.77710253, 0.35583356, -0.4700433, 0.2203487]
rotation=[0.7579641, 0.36539015, -0.47925133, 0.24959691]
rotation=[0.5601376, 0.64673173, -0.30808467, 0.41601408]
rotation=[0.44000491, 0.72557217, -0.23886794, 0.47210467]
rotation=[0.45722738, 0.70132256, -0.26804864, 0.47669673]
rotation=[0.49624303, 0.6466078, -0.27072978, 0.51219785]
rotation=[0.71924984, 0.40132153, -0.49729064, 0.27262184]
rotation=[0.59942234, 0.5519677, -0.38974524, 0.42909572]
rotation=[0.6096985, 0.52635205, -0.32698137, 0.49427164]
rotation=[0.67018694, 0.4927184, -0.37879482, 0.40569988]
rotation=[0.6339564, 0.54931444, -0.32366586, 0.43771374]
rotation=[0.77346635, 0.3659055, -0.40212432, 0.32582062]
rotation=[0.69368017, 0.45989144, -0.35121918, 0.4288972]
rotation=[0.62849724, 0.53137124, -0.29372156, 0.4861721]
rotation=[0.48889953, 0.65189654, -0.36249295, 0.45233506]
rotation=[0.5166033, 0.6269281, -0.34795898, 0.4679816]
rotation=[0.6954261, 0.46116936, -0.3625872, 0.41501307]
rotation=[0.6915772, 0.46642688, -0.35989138, 0.41790572]
rotation=[0.3223335, 0.6795887, -0.15545258, 0.64038646]
rotation=[0.397879, 0.72810376, -0.29082766, 0.47642046]
rotation=[0.5532003, 0.5638418, -0.3613894, 0.4954286]
rotation=[0.69040245, 0.4665478, -0.3874339, 0.39442685]
rotation=[0.66823345, 0.40255097, -0.55036974, 0.2975062]
rotation=[0.74594927, 0.3668395, -0.46700668, 0.30148515]
rotation=[0.5897572, 0.5741808, -0.293811, 0.4859815]
rotation=[0.21919258, 0.7253374, -0.12566905, 0.6403496]
rotation=[0.74630284, 0.36723322, -0.46436754, 0.30419517]
rotation=[0.4891661, 0.598838, -0.24391717, 0.58533245]
rotation=[0.4433932, 0.66312623, -0.20186919, 0.568256]
rotation=[0.45158872, 0.61329377, -0.21620938, 0.6108944]
rotation=[0.4416873, 0.70086867, -0.22774355, 0.5116916]
rotation=[0.58461374, 0.5756978, -0.29740083, 0.48821267]
rotation=[0.16135684, 0.73811895, -0.0827028, 0.6498498]
rotation=[0.20820007, 0.73936415, -0.10184875, 0.6321552]
rotation=[0.6091406, 0.5675442, -0.28437355, 0.47536615]
rotation=[0.6455564, 0.5258202, -0.37387618, 0.40864]
rotation=[0.47070214, 0.6904225, -0.31508723, 0.44997364]
rotation=[0.574941, 0.58726764, -0.28182355, 0.49511117]
rotation=[0.16800934, 0.8362143, -0.050826296, 0.5195528]
rotation=[0.6665056, 0.47892782, -0.46046707, 0.338184]
rotation=[0.47083074, 0.6416156, -0.22286882, 0.56300735]
rotation=[0.499351, 0.64364046, -0.3236487, 0.48127645]
rotation=[0.2675505, 0.6966097, -0.1642077, 0.645126]
rotation=[0.36719775, 0.7168183, -0.16005427, 0.570719]
rotation=[0.56924504, 0.57906616, -0.3147899, 0.49147725]
rotation=[0.45736715, 0.6537303, -0.27971593, 0.53405154]
rotation=[0.660161, 0.47764623, -0.4223861, 0.39702842]
rotation=[0.7591745, 0.3331742, -0.43449578, 0.35194084]
rotation=[0.77034086, 0.32369822, -0.4200255, 0.3540805]
rotation=[0.7634297, 0.34019244, -0.421224, 0.35215718]
rotation=[0.25996232, 0.6976335, -0.15422799, 0.6495697]
rotation=[0.20935212, 0.73649865, -0.12632205, 0.63070136]
rotation=[0.3564417, 0.6190604, -0.10224593, 0.6922856]
rotation=[0.2360198, 0.682434, -0.09496812, 0.68524414]
rotation=[0.27516058, 0.6394933, -0.14984232, 0.7020557]
rotation=[0.3803708, 0.7610428, -0.22643752, 0.47419196]
rotation=[0.45990232, 0.76819175, -0.19274288, 0.40152395]
rotation=[0.39000845, 0.7945019, -0.13636132, 0.44504583]
rotation=[0.2594033, 0.79268384, -0.2367025, 0.49833137]
rotation=[0.614543, 0.45204952, -0.47058195, 0.44332913]
rotation=[0.58119065, 0.55144024, -0.34084278, 0.4918915]
rotation=[0.68216705, 0.46153766, -0.42456216, 0.37600276]
rotation=[0.22331911, 0.8115881, -0.20170599, 0.50076735]
rotation=[0.65830564, 0.5181782, -0.3767682, 0.39518443]
rotation=[0.19363436, 0.7277901, -0.081077754, 0.6528811]
rotation=[0.5774258, 0.6117233, -0.38289657, 0.38179085]
rotation=[0.6894354, 0.49019143, -0.40951005, 0.34160307]
rotation=[0.4720895, 0.60142577, -0.18742776, 0.6166761]
rotation=[0.7867491, 0.34290096, -0.42059472, 0.29418537]
rotation=[0.8223087, -0.022241976, -0.56714404, -0.040759515]
rotation=[0.8100961, -0.16173759, -0.53524953, -0.1763326]
rotation=[0.807471, 0.03565056, -0.58803177, 0.030630706]
rotation=[0.8011844, 0.2749458, -0.48936257, 0.2074431]
rotation=[0.84217244, -0.053932544, -0.5305164, -0.079933785]
rotation=[0.60075134, 0.53998893, -0.3942678, 0.43824953]
rotation=[0.5986344, 0.5239644, -0.3909154, 0.4629074]
rotation=[0.601219, 0.52271587, -0.34852225, 0.49379748]
rotation=[0.86082655, 0.084337786, -0.4970399, 0.069398046]
rotation=[0.8458286, 0.24255657, -0.4214914, 0.21928354]
rotation=[0.8486024, 0.15070194, -0.4922281, 0.12196056]
rotation=[0.8637537, 0.08740845, -0.4805745, -0.12384515]
rotation=[0.83157486, 0.07107895, -0.4936089, -0.24450214]
rotation=[0.81967735, 0.089243054, -0.55743253, -0.09712739]
rotation=[0.8171535, 0.14643346, -0.55221325, -0.076667204]
rotation=[0.5928961, 0.55887216, -0.33245766, 0.4749821]
rotation=[0.6852716, 0.46421567, -0.40071517, 0.39285368]
rotation=[0.26444298, 0.69128686, -0.1044655, 0.66428864]
rotation=[0.73700535, -0.2561806, -0.5627897, -0.2728778]
rotation=[0.5310751, 0.5673319, -0.34274408, 0.5278448]
rotation=[0.8366325, 0.13642299, -0.51528144, -0.12617384]
rotation=[0.75793743, 0.040993653, -0.6430833, -0.1014612]
rotation=[0.74002486, -0.081829935, -0.6672593, -0.020790508]
rotation=[0.803866, 0.14160988, -0.57323176, -0.071773544]
rotation=[0.81277084, 0.30710423, -0.49359763, 0.03810417]
rotation=[0.8080151, 0.31066176, -0.498756, 0.04293336]
rotation=[0.8165005, 0.040708683, -0.5597283, -0.13555114]
rotation=[0.8292166, 0.14418724, -0.53838396, -0.04186377]
rotation=[0.8370184, 0.15390782, -0.5217379, -0.05917942]
rotation=[0.8203548, 0.06702792, -0.5566892, -0.112349]
rotation=[0.8148108, 0.24168143, -0.5263523, 0.025034638]
rotation=[0.82540625, -0.08836684, -0.5437358, -0.123479515]
rotation=[0.7747144, -0.05670218, -0.6243599, -0.082324386]
rotation=[0.7019421, -0.209508, -0.6565265, -0.1798799]
rotation=[0.8436024, 0.039534766, -0.53529114, 0.015342039]
rotation=[0.83590734, 0.020811182, -0.54842484, -0.007492856]
rotation=[0.79248047, 0.097694516, -0.5930356, 0.10363078]
rotation=[0.8231508, 0.19877484, -0.4946287, 0.19558558]
rotation=[0.8184533, 0.038694274, -0.5732613, 0.002893806]
rotation=[0.8111, -0.1913089, -0.50667566, -0.2209014]
rotation=[0.8171842, 0.09402339, -0.55085164, 0.14118154]
rotation=[0.8646148, -0.034691993, -0.49675637, -0.066864036]
rotation=[0.80686796, 0.06636684, -0.58623, 0.029897807]
rotation=[0.8284858, -0.033142604, -0.5543989, -0.071796864]
rotation=[0.8259192, -0.03086022, -0.5589673, -0.06678724]
rotation=[0.83112276, -0.078726046, -0.53931606, -0.110342845]
rotation=[0.8061173, 0.06781233, -0.58695227, 0.032611977]
rotation=[0.8232344, 0.033154663, -0.56673163, -0.0011620052]
rotation=[0.8524584, -0.0019473387, -0.52000695, -0.053885985]
rotation=[0.79524314, 0.06302931, -0.6021992, 0.031171795]
rotation=[0.75110567, 0.1494018, -0.64024746, 0.060021482]
rotation=[0.78828007, 0.06964532, -0.61136234, 0.00047150088]
rotation=[0.73092926, -0.16163954, -0.6398087, -0.1739538]
rotation=[0.7554731, -0.12036641, -0.62836313, -0.14118055]
rotation=[0.8219511, -0.044953268, -0.56206375, -0.080373496]
rotation=[0.83393943, -0.167622, -0.46778923, -0.240044]
rotation=[0.59626776, 0.56845176, -0.43772745, 0.3601695]
rotation=[0.6257178, 0.53702587, -0.4335836, 0.3634359]
rotation=[0.82308286, 0.044397395, -0.5641289, 0.048187714]
rotation=[0.82287115, 0.07627816, -0.55246246, 0.10885728]
rotation=[0.7690113, 0.14950114, -0.5927335, 0.18691711]
rotation=[0.8080636, 0.07352593, -0.5772556, 0.09166763]
rotation=[0.7393366, 0.41523015, -0.3530046, 0.39541507]
rotation=[0.84169674, 0.034927133, -0.53858453, 0.01592081]
rotation=[0.79033744, 0.30921385, -0.4510496, 0.2762386]
rotation=[0.8653628, -0.022483423, -0.4996302, -0.031800486]
rotation=[0.87142706, -0.013522591, -0.48919114, -0.033526734]
rotation=[0.7489888, 0.36198333, -0.4115661, 0.37228638]
rotation=[0.76560414, 0.31857622, -0.44300154, 0.34074792]
rotation=[0.8914574, 0.14508814, -0.40257394, 0.14895412]
rotation=[0.8663089, -0.0024523516, -0.49936402, -0.011757799]
rotation=[0.42830428, 0.66023254, -0.22872637, 0.5730032]
rotation=[0.3743259, 0.7061587, -0.22853054, 0.55587214]
rotation=[0.4323195, 0.65584856, -0.20700732, 0.5831898]
rotation=[0.44848934, 0.6405925, -0.24456555, 0.5733116]
rotation=[0.7684009, 0.27868187, -0.5523459, 0.16373919]
rotation=[0.6854635, 0.45571223, -0.4558699, 0.3385983]
rotation=[0.7007299, 0.43167952, -0.47283176, 0.31473896]
rotation=[0.71000004, 0.4150395, -0.48471448, 0.2978156]
rotation=[0.41148394, 0.682968, -0.25209853, 0.5483448]
rotation=[0.2835719, 0.71331, -0.14046526, 0.62533617]
rotation=[0.28331685, 0.74160224, -0.1424503, 0.5911562]
rotation=[0.28059563, 0.6851931, -0.12493931, 0.6604291]
rotation=[0.31886587, 0.67435557, -0.1535754, 0.6480615]
rotation=[0.80293465, 0.06484598, -0.5924946, -0.0064157136]
rotation=[0.6081778, 0.51990837, -0.37430438, 0.4687337]
rotation=[0.9284024, -0.085970126, -0.29784712, -0.20485413]
rotation=[0.9496009, -0.026607914, -0.30839127, -0.04944667]
rotation=[0.81110936, 0.13778512, -0.56478506, 0.06430243]
rotation=[0.76486605, 0.22249426, -0.5692212, 0.20362575]
rotation=[0.76165587, 0.077249736, -0.64250416, 0.033186473]
rotation=[0.8162755, -0.0173143, -0.57570434, -0.044261873]
rotation=[0.81349224, 0.012975818, -0.5809962, -0.02248386]
rotation=[0.8280641, 0.020583015, -0.559687, -0.025232952]
rotation=[0.84994555, -0.022310782, -0.5240029, -0.05015827]
rotation=[0.8271435, -0.004634442, -0.55976963, -0.04969977]
rotation=[0.82603896, -0.025643807, -0.55818945, -0.07366642]
rotation=[0.77600664, 0.2862646, -0.5298578, 0.18739508]
rotation=[0.823751, 0.016430147, -0.56482434, -0.046236884]
rotation=[0.7946344, 0.14506377, -0.5826254, 0.08977918]
rotation=[0.78797704, -0.024693992, -0.61063737, -0.07486342]
rotation=[0.88847786, -0.047270674, -0.45581153, -0.024666166]
rotation=[0.8870993, 0.035431273, -0.4003836, 0.22691917]
rotation=[0.8782249, 0.057733964, -0.40292802, 0.25107142]
rotation=[0.7876667, 0.22266805, -0.35746846, 0.44968483]
rotation=[0.9400193, 0.12586035, -0.30419964, 0.08936142]
rotation=[0.8255341, 0.20203699, -0.50698376, 0.14367287]
rotation=[0.82292545, -0.041004438, -0.565033, -0.043011986]
rotation=[0.81362104, 0.16499174, -0.5488058, 0.09803448]
rotation=[0.81460136, -0.012709734, -0.5793192, -0.02553994]
rotation=[0.7784024, 0.17313729, -0.5856532, 0.14533961]
rotation=[0.7789999, 0.14955153, -0.5967505, 0.12117091]
rotation=[0.75773484, 0.29380655, -0.5508281, 0.19001086]
rotation=[0.768816, 0.27008104, -0.5532663, 0.17284238]
rotation=[0.78361756, 0.31558788, -0.4693765, 0.25697002]
rotation=[0.8844825, 0.049741395, -0.3921939, 0.24779128]
rotation=[0.89148945, 0.022488635, -0.36395556, 0.2688443]
rotation=[0.8448691, 0.24145934, -0.34932545, 0.32536966]
rotation=[0.81955886, 0.30791914, -0.36914963, 0.3118294]
rotation=[0.95755523, -0.019962141, -0.28640953, -0.025672458]
rotation=[0.82653475, -0.044058215, -0.5593609, -0.044882957]
rotation=[0.88827586, 0.03135096, -0.458192, 0.0065798163]
rotation=[0.80108505, -0.27792957, -0.45882145, -0.26551983]
rotation=[0.80076265, -0.27599743, -0.46263048, -0.26187316]
rotation=[0.8474036, -0.062069472, -0.5156346, -0.11034288]
rotation=[0.82065654, 0.028435191, -0.56965685, -0.0347173]
rotation=[0.818674, 0.17032784, -0.5403567, 0.093679994]
rotation=[0.7608617, -0.34674707, -0.44954285, -0.3142725]
rotation=[0.7883229, 0.20092528, -0.5674307, 0.12727286]
rotation=[0.89490044, 0.0335178, -0.44497076, 0.005543271]
rotation=[0.8170793, -0.004611853, -0.57595986, -0.02510883]
rotation=[0.92379326, -0.0065257763, -0.38010722, -0.045627538]
rotation=[0.8103723, -0.14093918, -0.54729056, -0.15461576]
rotation=[0.9317173, 0.0067873895, -0.36070326, -0.04183568]
rotation=[0.82230717, 0.09840194, -0.55836374, 0.048558462]
rotation=[0.81809384, 0.05497149, -0.57242745, 0.0052326485]
rotation=[0.8050895, -0.08058996, -0.57168764, -0.13604902]
rotation=[0.80547696, -0.020299962, -0.5833679, -0.1023554]
rotation=[0.80866635, -0.05261582, -0.5763658, -0.105321504]
rotation=[0.75798357, 0.3696258, -0.45724416, 0.28242773]
rotation=[0.7128977, 0.44363138, -0.40895745, 0.3573819]
rotation=[0.81401944, 0.2705459, -0.42164335, 0.293929]
rotation=[0.81845695, 0.06310409, -0.5709845, -0.011074762]
rotation=[0.7930081, 0.240462, -0.542433, 0.13814002]
rotation=[0.796252, 0.22722206, -0.54676634, 0.124094956]
rotation=[0.667928, 0.50009334, -0.36364278, 0.41417718]
rotation=[0.80269694, -0.24004246, -0.44653893, -0.31410232]
rotation=[0.65992457, 0.4940354, -0.38600004, 0.41404423]
rotation=[0.6270602, 0.53665644, -0.36446133, 0.43123466]
rotation=[0.48681372, 0.6463438, -0.32015654, 0.4926985]
rotation=[0.6288166, 0.5360125, -0.36310986, 0.43061763]
rotation=[0.77063674, 0.2971137, -0.5225337, 0.21166252]
rotation=[0.7860361, 0.057912447, -0.6154356, 0.005705199]
rotation=[0.78291464, 0.11830865, -0.60834295, 0.0544653]
rotation=[0.5804688, 0.56550753, -0.33613873, 0.47986245]
rotation=[0.60158604, 0.5648884, -0.32869044, 0.45930165]
rotation=[0.71929806, 0.4213321, -0.44727108, 0.32409605]
