Loaded 3616103 Gaussians
min xyz= [-64.89617, -82.048355, -71.523445]
max xyz= [54.875557, 14.872151, 97.003265]
xyz=[19.58695, -49.216297, -70.27977]
xyz=[20.044436, -49.112648, -70.28929]
xyz=[19.836409, -49.0393, -70.21176]
xyz=[19.560543, -49.117363, -70.08962]
xyz=[19.446522, -49.06853, -70.13081]
xyz=[19.484114, -49.1, -70.112854]
xyz=[19.717955, -49.050346, -70.188354]
xyz=[19.89293, -48.970978, -69.824]
xyz=[20.318235, -49.401505, -69.94215]
xyz=[18.178696, -48.389103, -70.69697]
xyz=[18.482302, -48.401768, -70.94912]
xyz=[18.865599, -48.36385, -71.284355]
xyz=[19.192629, -48.463047, -71.34977]
xyz=[19.059067, -48.543068, -71.04241]
xyz=[19.039124, -48.581383, -71.02186]
xyz=[19.109034, -48.667564, -71.062096]
xyz=[19.095387, -48.575394, -71.06497]
xyz=[18.934614, -48.463837, -71.19294]
xyz=[18.88061, -48.28784, -71.50429]
xyz=[19.065895, -48.20925, -70.973236]
xyz=[18.440884, -48.553596, -70.5762]
xyz=[18.428596, -48.08902, -70.595535]
xyz=[18.454897, -47.955685, -70.83386]
xyz=[18.317368, -48.19271, -69.578285]
xyz=[18.379333, -47.50758, -69.627525]
xyz=[18.351677, -47.52396, -69.5663]
xyz=[18.301897, -47.495228, -69.58676]
xyz=[18.484549, -47.59642, -69.5742]
xyz=[18.464771, -47.585804, -69.40434]
xyz=[18.580824, -47.578598, -69.5372]
xyz=[18.788118, -47.497063, -69.515015]
xyz=[18.787008, -47.492153, -69.51413]
xyz=[19.322748, -48.41835, -71.523445]
xyz=[19.34682, -48.333523, -71.2594]
xyz=[19.536163, -48.03886, -71.09131]
xyz=[20.14269, -47.25434, -70.27428]
xyz=[19.607243, -48.71517, -70.11884]
xyz=[19.380407, -48.053814, -69.80947]
xyz=[-6.304262, -27.753208, -34.44448]
xyz=[-5.506344, -27.752909, -34.454937]
xyz=[-5.2406054, -27.77061, -34.52998]
xyz=[-5.190054, -27.605959, -34.448986]
xyz=[-5.1507006, -27.115652, -34.749016]
xyz=[-6.021826, -27.4446, -34.14944]
xyz=[-5.631312, -27.322186, -34.327065]
xyz=[-5.2681212, -27.489029, -34.46299]
xyz=[-5.4566727, -27.138674, -34.63045]
xyz=[-41.096466, 2.4660614, -53.124504]
xyz=[-40.62461, 2.485514, -53.30225]
xyz=[-40.860332, 2.6685312, -53.181004]
xyz=[-40.70565, 2.5972779, -53.24159]
xyz=[-40.776314, 2.624443, -53.236263]
xyz=[-40.498096, 2.5369456, -53.524773]
xyz=[-40.525043, 2.5592513, -53.47875]
xyz=[-40.457623, 2.6579015, -53.528812]
xyz=[-40.185394, 0.9174554, -51.65096]
xyz=[-41.231346, 2.6689246, -52.842583]
xyz=[-41.18243, 2.678187, -52.797596]
xyz=[-41.210316, 2.7200232, -52.768383]
xyz=[-41.105682, 2.6934502, -52.89159]
xyz=[-40.974487, 2.6247253, -53.04899]
xyz=[-40.191433, 1.7314705, -51.703636]
xyz=[-40.561893, 1.918601, -51.765594]
xyz=[-39.729958, 1.885166, -51.71404]
xyz=[-40.181923, 2.2482922, -51.70575]
xyz=[-41.284924, 2.8051586, -52.841225]
xyz=[-39.687996, 3.1341832, -51.722294]
xyz=[-39.763096, 3.3258834, -51.708252]
xyz=[-39.578976, 3.0624678, -51.487316]
xyz=[-39.540676, 3.1097255, -51.435593]
xyz=[-35.531384, 4.25031, -54.598164]
xyz=[-35.217834, 4.2110767, -54.96829]
xyz=[-35.360527, 4.264762, -54.8907]
xyz=[-35.16968, 4.2243075, -54.75159]
xyz=[-35.826794, 2.9436269, -53.64964]
xyz=[-36.124405, 3.684019, -53.235725]
xyz=[-35.582134, 3.903694, -53.870075]
xyz=[-35.643032, 4.039111, -53.746796]
xyz=[-35.708805, 4.1561847, -53.44979]
xyz=[-35.898876, 4.7829533, -54.50037]
xyz=[-35.136787, 4.76373, -55.16286]
xyz=[-35.43607, 4.622595, -54.830753]
xyz=[-35.580635, 4.621257, -54.697815]
xyz=[-35.356476, 4.3149076, -54.87639]
xyz=[-35.048496, 4.3486924, -54.50565]
xyz=[-35.633026, 4.6768355, -54.71975]
xyz=[-35.59293, 4.659824, -54.730644]
xyz=[-35.51411, 4.7565393, -54.61379]
xyz=[-35.67242, 4.950835, -54.418674]
xyz=[-35.584534, 4.8617845, -54.724636]
xyz=[-34.975338, 4.7945776, -54.55043]
xyz=[-35.10574, 4.842749, -54.554764]
xyz=[-35.106304, 4.8524966, -54.50681]
xyz=[-35.01333, 4.8491154, -54.446617]
xyz=[-35.09984, 4.9476423, -54.568485]
xyz=[-36.710606, 5.746069, -54.765057]
xyz=[-36.65623, 5.761494, -54.893513]
xyz=[-35.566444, 5.095455, -54.49479]
xyz=[-35.730423, 5.0034084, -54.305805]
xyz=[-34.997402, 4.7763205, -54.380405]
xyz=[-35.31922, 4.9843335, -54.268566]
xyz=[-35.22352, 5.070903, -54.273273]
xyz=[-35.089417, 5.480534, -54.33309]
xyz=[-35.05322, 5.4169283, -54.313225]
xyz=[-35.1748, 3.3758464, -51.84407]
xyz=[-34.959377, 3.34844, -51.508236]
xyz=[-35.544662, 3.4888866, -51.067467]
xyz=[-35.836815, 3.542404, -51.12496]
xyz=[-35.49229, 3.5214217, -51.16106]
xyz=[-35.356716, 3.625127, -51.40551]
xyz=[-35.304287, 3.574112, -51.151093]
xyz=[-35.881706, 3.613859, -51.075516]
xyz=[-35.632515, 3.8172326, -50.693783]
xyz=[-36.217373, 4.716058, -51.866066]
xyz=[-35.371574, 4.875695, -52.769478]
xyz=[-35.280636, 4.9793353, -52.854725]
xyz=[-35.19203, 4.7090983, -52.749744]
xyz=[-35.273315, 4.9247193, -52.7265]
xyz=[-35.75922, 4.6949553, -51.999443]
xyz=[-35.23585, 5.053896, -52.79615]
xyz=[-35.049603, 5.364322, -52.94877]
xyz=[-35.048077, 5.302876, -52.900425]
xyz=[-35.0803, 5.438705, -52.893284]
xyz=[-34.968422, 5.6377196, -52.738617]
xyz=[-35.546513, 5.379399, -52.345726]
xyz=[-36.013912, 5.68977, -51.615707]
xyz=[-37.35266, 6.894509, -54.19793]
xyz=[-37.324535, 7.065336, -54.19495]
xyz=[-37.300602, 7.094859, -54.189007]
xyz=[-36.965355, 7.1943007, -54.179077]
xyz=[-36.81599, 6.0552087, -54.82181]
xyz=[-36.533768, 6.3510156, -54.735268]
xyz=[-36.08563, 6.7109404, -55.076763]
xyz=[-36.132584, 6.7451396, -54.97]
xyz=[-36.48805, 7.026262, -54.84804]
xyz=[-36.64337, 7.0832243, -54.584328]
xyz=[-36.672504, 7.0678225, -54.52571]
xyz=[-36.5094, 7.007413, -54.58285]
xyz=[-36.45867, 7.010695, -54.638546]
xyz=[-36.448307, 7.206068, -54.652206]
xyz=[-36.335693, 6.973083, -54.81703]
xyz=[-36.260754, 7.2945843, -54.910843]
xyz=[-36.211124, 7.298, -54.929386]
xyz=[-36.19417, 7.239893, -54.800533]
xyz=[-36.10992, 7.228705, -54.818867]
xyz=[-35.47706, 7.2243686, -55.254997]
xyz=[-35.618435, 6.9391556, -54.83206]
xyz=[-36.686565, 6.4330735, -54.209663]
xyz=[-36.660786, 6.553849, -54.341568]
xyz=[-36.793224, 7.277027, -54.35981]
xyz=[-35.965206, 6.906106, -53.22546]
xyz=[-35.908188, 7.0347233, -53.3163]
xyz=[-35.90135, 7.101011, -53.324593]
xyz=[-36.045986, 7.007148, -53.18319]
xyz=[-35.959988, 7.04668, -53.238827]
xyz=[-35.983116, 7.159686, -53.275387]
xyz=[-35.77255, 7.2490244, -53.5928]
xyz=[-35.72063, 7.253757, -53.442627]
xyz=[-35.633446, 7.2602906, -53.622055]
xyz=[-35.62682, 7.2270823, -53.494095]
xyz=[-35.26154, 7.207085, -53.630795]
xyz=[-35.07177, 7.25633, -53.735752]
xyz=[-35.938995, 7.417233, -55.39664]
xyz=[-36.173626, 7.4743876, -55.100548]
xyz=[-35.94897, 7.4705353, -55.253845]
xyz=[-36.118633, 7.477564, -55.078434]
xyz=[-35.918785, 7.468139, -55.22835]
xyz=[-36.010777, 7.529825, -55.302673]
xyz=[-36.006832, 7.5209017, -55.27944]
xyz=[-36.017216, 7.5590777, -55.26696]
xyz=[-35.9941, 7.6187873, -55.275417]
xyz=[-35.98151, 7.6267457, -55.234367]
xyz=[-35.929214, 7.81045, -55.155827]
xyz=[-36.418793, 7.3463793, -54.921658]
xyz=[-36.36231, 7.4506207, -54.948982]
xyz=[-36.214886, 7.3969674, -55.01076]
xyz=[-36.137245, 7.417235, -55.057602]
xyz=[-36.001617, 7.6733975, -54.85299]
xyz=[-36.013584, 7.740322, -54.966904]
xyz=[-35.94526, 7.7674065, -54.73904]
xyz=[-36.08663, 7.8423104, -54.826965]
xyz=[-36.109478, 7.8620677, -54.805458]
xyz=[-35.89244, 7.8869233, -55.027477]
xyz=[-35.89887, 7.885292, -55.022556]
xyz=[-35.90992, 7.8955283, -55.012062]
xyz=[-36.019863, 7.8726177, -54.842155]
xyz=[-36.015606, 7.8763957, -54.84453]
xyz=[-35.924183, 7.957455, -54.896343]
xyz=[-36.223774, 7.8272557, -54.583225]
xyz=[-36.227703, 7.8486366, -54.56835]
xyz=[-36.066544, 7.7047443, -54.708004]
xyz=[-35.840607, 7.576691, -55.30339]
xyz=[-35.88646, 7.589915, -55.290848]
xyz=[-35.810158, 7.598692, -55.292774]
xyz=[-35.750328, 7.662436, -55.237675]
xyz=[-35.33477, 7.6510677, -55.201546]
xyz=[-35.740166, 7.696297, -55.47962]
xyz=[-35.50311, 7.769627, -55.511963]
xyz=[-35.509064, 7.834152, -55.50686]
xyz=[-35.481163, 7.879169, -55.446953]
xyz=[-35.723656, 7.681799, -55.345776]
xyz=[-35.814377, 7.8680997, -55.146286]
xyz=[-35.755795, 7.866317, -55.22111]
xyz=[-35.49938, 7.731026, -55.269524]
xyz=[-35.64921, 7.697126, -55.186554]
xyz=[-35.80014, 7.897574, -55.18332]
xyz=[-35.831837, 7.8719444, -55.146847]
xyz=[-35.807716, 8.002399, -55.12544]
xyz=[-35.8528, 8.014225, -55.12951]
xyz=[-35.793198, 8.035198, -55.1153]
xyz=[-35.73669, 8.030773, -55.19964]
xyz=[-35.748554, 8.028518, -55.18178]
xyz=[-35.739574, 7.9747486, -55.0948]
xyz=[-35.75349, 8.0103855, -55.076176]
xyz=[-35.562042, 7.945704, -55.230972]
xyz=[-35.61363, 7.8764076, -55.213974]
xyz=[-35.59587, 7.9611406, -55.201958]
xyz=[-35.503696, 7.4748225, -54.855465]
xyz=[-35.877285, 7.86446, -55.042633]
xyz=[-35.87026, 7.8790755, -55.04783]
xyz=[-35.885258, 7.8781104, -55.035343]
xyz=[-35.791687, 7.9929132, -54.998234]
xyz=[-35.748516, 8.151865, -55.045483]
xyz=[-35.764027, 8.309414, -54.961216]
xyz=[-36.46245, 7.449278, -54.399853]
xyz=[-35.96577, 7.5034723, -53.42367]
xyz=[-36.06573, 7.3150992, -53.289955]
xyz=[-35.9158, 8.03322, -53.215435]
xyz=[-35.332523, 7.608559, -53.75564]
xyz=[-35.27523, 7.641653, -53.79941]
xyz=[-35.763416, 7.4583244, -53.61]
xyz=[-35.86932, 7.481294, -53.51556]
xyz=[-35.468582, 7.3705544, -53.615326]
xyz=[-35.44889, 7.467768, -53.595833]
xyz=[-35.44239, 7.482942, -53.6013]
xyz=[-35.57611, 7.3346686, -53.56174]
xyz=[-35.64494, 7.3292317, -53.49501]
xyz=[-35.506405, 7.4418936, -53.566525]
xyz=[-35.76613, 7.4952574, -53.608986]
xyz=[-35.662144, 7.5262723, -53.5979]
xyz=[-35.715683, 7.5390363, -53.442112]
xyz=[-35.59874, 7.5592165, -53.5397]
xyz=[-35.827316, 7.524462, -53.178883]
xyz=[-35.404404, 7.3667226, -53.6609]
xyz=[-35.38523, 7.3750057, -53.661236]
xyz=[-35.3951, 7.504355, -53.65418]
xyz=[-35.40536, 7.5119605, -53.6447]
xyz=[-35.36493, 7.5106854, -53.644234]
xyz=[-35.38771, 7.5169497, -53.619907]
xyz=[-35.2249, 7.5449367, -53.7074]
xyz=[-35.622547, 8.04872, -53.48525]
xyz=[-35.850113, 8.033205, -53.245796]
xyz=[-35.24876, 7.9111023, -53.702515]
xyz=[-35.286613, 8.051607, -53.670467]
xyz=[-35.20763, 8.036443, -53.68738]
xyz=[-35.310196, 7.956292, -53.471252]
xyz=[-35.301025, 7.901092, -53.50659]
xyz=[-35.302734, 7.9317107, -53.47769]
xyz=[-35.495174, 8.310816, -53.87961]
xyz=[-35.42576, 8.406337, -53.88181]
xyz=[-35.149765, 8.066141, -53.766636]
xyz=[-35.412598, 8.408697, -53.894283]
xyz=[-35.361042, 8.4288645, -53.88565]
xyz=[-35.58987, 8.573514, -53.76549]
xyz=[-35.366306, 8.5549555, -53.92293]
xyz=[-35.335827, 8.54267, -53.945305]
xyz=[-35.33311, 8.453523, -53.909473]
xyz=[-35.378056, 8.554356, -53.75022]
xyz=[-35.668545, 8.095742, -53.555153]
xyz=[-35.51598, 8.1310215, -53.644638]
xyz=[-35.56803, 8.344405, -53.466953]
xyz=[-35.5457, 8.395695, -53.458553]
xyz=[-35.700184, 8.226456, -53.339336]
xyz=[-35.681015, 8.235183, -53.29642]
xyz=[-35.73331, 8.363017, -53.273502]
xyz=[-35.724197, 8.363421, -53.26951]
xyz=[-35.238945, 8.096422, -53.74535]
xyz=[-35.252094, 8.116823, -53.715282]
xyz=[-35.261986, 8.107667, -53.703125]
xyz=[-35.358036, 8.100969, -53.571335]
xyz=[-35.396008, 8.113128, -53.439495]
xyz=[-35.404396, 8.126784, -53.428764]
xyz=[-35.584713, 8.466007, -53.651165]
xyz=[-35.54544, 8.468128, -53.641407]
xyz=[-35.595844, 8.510421, -53.66082]
xyz=[-35.372055, 8.496261, -53.72582]
xyz=[-35.397686, 8.521019, -53.744495]
xyz=[-35.305347, 8.555859, -53.733303]
xyz=[-37.351547, 6.4813814, -52.38547]
xyz=[-37.357887, 6.508503, -52.390114]
xyz=[-37.39915, 6.52456, -52.37187]
xyz=[-37.078854, 6.70546, -52.530827]
xyz=[-36.898037, 6.5676994, -52.681133]
xyz=[-36.936935, 6.6445546, -52.68185]
xyz=[-36.87988, 6.7076955, -52.635914]
xyz=[-37.377754, 6.603825, -52.345776]
xyz=[-36.465916, 6.0277114, -52.52619]
xyz=[-36.471092, 6.3630867, -52.519634]
xyz=[-36.191715, 6.532122, -52.507343]
xyz=[-35.004246, 6.193306, -52.66691]
xyz=[-34.9717, 6.1974626, -52.647247]
xyz=[-34.99464, 6.461413, -52.73949]
xyz=[-35.581924, 5.9308195, -51.88714]
xyz=[-36.785835, 6.6746593, -52.72303]
xyz=[-36.74578, 6.7231803, -52.74466]
xyz=[-36.228474, 6.721575, -52.48868]
xyz=[-35.980244, 6.68621, -52.67308]
xyz=[-35.908966, 6.932302, -52.59959]
xyz=[-35.73625, 6.681074, -52.581795]
xyz=[-35.86158, 6.875529, -52.597015]
xyz=[-35.861946, 6.9787874, -52.65838]
xyz=[-35.854637, 7.059012, -52.573086]
xyz=[-35.86438, 7.038568, -52.49988]
xyz=[-35.812885, 7.056518, -52.50654]
xyz=[-35.871433, 7.0953817, -52.48385]
xyz=[-35.502254, 7.011257, -52.575253]
xyz=[-35.75377, 6.594097, -52.381237]
xyz=[-35.09975, 6.602479, -52.358833]
xyz=[-35.096676, 6.720103, -52.389584]
xyz=[-35.030945, 6.6881785, -52.28106]
xyz=[-36.011204, 7.3102045, -52.51748]
xyz=[-35.440422, 7.4027123, -52.70736]
xyz=[-35.43444, 7.3227324, -52.503647]
xyz=[-35.497787, 7.4866843, -52.435455]
xyz=[-34.95807, 7.4588833, -52.575047]
xyz=[-35.608177, 9.201157, -53.76405]
xyz=[-35.183952, 8.851744, -53.60323]
xyz=[-35.079014, 8.835017, -53.591747]
xyz=[-35.058823, 8.873827, -53.729717]
xyz=[-35.05314, 8.880536, -53.738293]
xyz=[-35.06324, 8.875663, -53.72598]
xyz=[-35.144623, 8.945388, -53.681107]
xyz=[-35.312958, 9.023297, -53.56368]
xyz=[-36.92009, 2.7466228, -45.283184]
xyz=[-35.64537, 2.4726207, -45.510395]
xyz=[-35.458504, 2.6776655, -45.395763]
xyz=[-35.68945, 3.7667608, -50.292725]
xyz=[-35.135983, 4.5916686, -49.19655]
xyz=[-35.128635, 4.61399, -49.200844]
xyz=[-35.57018, 4.620329, -48.50908]
xyz=[-35.482872, 4.6342463, -48.52494]
xyz=[-35.296253, 4.6110287, -48.635803]
xyz=[-35.134144, 4.780985, -49.111668]
xyz=[-34.966347, 4.6533394, -48.91163]
xyz=[-35.73256, 4.560276, -48.34279]
xyz=[-35.917854, 2.84872, -45.599895]
xyz=[-36.07655, 2.8912995, -45.610558]
xyz=[-36.15209, 2.9438725, -45.327366]
xyz=[-35.35906, 2.8883018, -45.363132]
xyz=[-36.07268, 2.8115366, -44.652023]
xyz=[-35.97264, 3.3753245, -44.920822]
xyz=[-35.935566, 4.0021744, -44.95907]
xyz=[-23.56595, 0.9419623, -63.67643]
xyz=[-23.441767, 1.2017716, -63.65267]
xyz=[-23.145899, 1.4762487, -63.654064]
xyz=[-23.212566, 1.6302576, -63.67126]
xyz=[-23.623838, 0.67097497, -63.314396]
xyz=[-23.54538, 0.7206922, -63.152447]
xyz=[-23.506926, 0.71446747, -63.143402]
xyz=[-23.640995, 0.83955276, -63.077682]
xyz=[-23.66162, 0.8292096, -63.05175]
xyz=[-23.403336, 0.7423733, -63.16308]
xyz=[-23.512987, 0.9950729, -63.53191]
xyz=[-23.440746, 0.90015745, -63.472725]
xyz=[-23.467026, 0.95502704, -63.455963]
xyz=[-23.471424, 1.1674963, -63.6155]
xyz=[-23.464327, 1.207068, -63.608677]
xyz=[-23.562037, 0.93238926, -63.14339]
xyz=[-23.582745, 0.8930863, -63.09182]
xyz=[-23.419273, 1.021106, -62.35526]
xyz=[-23.273346, 1.2179753, -62.44826]
xyz=[-23.288092, 1.186647, -62.30454]
xyz=[-23.019703, 1.2075024, -62.253094]
xyz=[-22.957558, 1.2056197, -62.17689]
xyz=[-23.084282, 1.1602647, -61.83483]
xyz=[-23.066053, 1.2355366, -61.85603]
xyz=[-23.208847, 1.2139397, -61.752182]
xyz=[-22.887583, 1.0597064, -61.796593]
xyz=[-23.28299, 1.086168, -61.62973]
xyz=[-23.285822, 1.0907236, -61.629078]
xyz=[-22.686949, 0.9610131, -61.66222]
xyz=[-22.50764, 0.8925188, -61.65719]
xyz=[-22.495424, 0.9466074, -61.669018]
xyz=[-22.74366, 1.0215274, -61.618725]
xyz=[-23.440996, 1.2861588, -63.612293]
xyz=[-23.47796, 1.3096628, -63.572]
xyz=[-23.03447, 1.6102121, -63.048393]
xyz=[-22.85429, 1.6779635, -63.070282]
xyz=[-23.587341, 1.2510955, -62.42149]
xyz=[-23.44247, 2.2479925, -63.34267]
xyz=[-23.39675, 2.3096094, -63.169254]
xyz=[-23.077208, 2.6940327, -62.66825]
xyz=[-22.978434, 2.613911, -62.664486]
xyz=[-23.019386, 2.7419293, -62.752377]
xyz=[-22.909765, 2.751287, -62.60789]
xyz=[-23.57873, 1.5736047, -62.02964]
xyz=[-23.0429, 1.2738161, -62.24094]
xyz=[-23.052063, 1.2930287, -62.23492]
xyz=[-23.076916, 1.3177756, -62.242428]
xyz=[-23.077394, 1.4639562, -62.161594]
xyz=[-23.029009, 1.5564004, -62.18058]
xyz=[-23.139608, 1.4892087, -62.10156]
xyz=[-23.160032, 1.602047, -62.014645]
xyz=[-23.070595, 1.610396, -62.06609]
xyz=[-22.942728, 1.4988331, -62.188503]
xyz=[-22.963263, 1.497181, -62.169857]
xyz=[-22.821417, 1.510442, -62.18238]
xyz=[-22.789532, 1.5417922, -62.247753]
xyz=[-23.25381, 1.2463062, -61.66635]
xyz=[-22.97574, 1.258263, -61.951454]
xyz=[-34.685898, 2.3591983, -52.203117]
xyz=[-34.56366, 2.423919, -52.24521]
xyz=[-34.786007, 2.6714296, -52.185215]
xyz=[-27.8485, 2.24595, -53.79458]
xyz=[-29.92576, 2.4496105, -52.205853]
xyz=[-30.491499, 2.5760486, -50.839226]
xyz=[-29.60761, 2.724684, -51.766903]
xyz=[-29.614965, 2.4041798, -51.342678]
xyz=[-28.54325, 2.4937823, -52.772602]
xyz=[-28.419048, 2.5880728, -52.573086]
xyz=[-28.328972, 2.7077518, -52.898438]
xyz=[-28.01746, 2.4269865, -52.73514]
xyz=[-28.183311, 2.6603348, -52.64255]
xyz=[-27.945118, 2.5709577, -52.69051]
xyz=[-27.595793, 2.534492, -53.01481]
xyz=[-27.751135, 2.6309242, -52.94159]
xyz=[-27.489592, 2.6699948, -52.90571]
xyz=[-27.821188, 2.6296995, -52.67462]
xyz=[-27.846428, 2.7210221, -52.181984]
xyz=[-27.645807, 2.7345443, -50.858784]
xyz=[-27.69657, 2.485827, -50.482975]
xyz=[-25.947466, 1.2312729, -54.634327]
xyz=[-25.635174, 0.7527185, -53.44431]
xyz=[-25.201231, -0.0955266, -53.588642]
xyz=[-24.802864, 0.08560963, -53.723904]
xyz=[-24.934605, 0.3344399, -53.501465]
xyz=[-24.189693, 0.36855128, -53.961376]
xyz=[-24.064014, 0.38212213, -54.027905]
xyz=[-25.096369, 0.56531316, -53.782497]
xyz=[-24.797628, 0.5462398, -53.928745]
xyz=[-24.708246, 0.66654783, -54.028164]
xyz=[-24.715597, 0.81264806, -54.010445]
xyz=[-24.706793, 0.8412108, -54.029232]
xyz=[-25.237806, 0.9808861, -53.93093]
xyz=[-24.762291, 1.0817704, -54.191936]
xyz=[-24.70896, 1.2139078, -54.121143]
xyz=[-24.923983, 0.9276015, -53.865448]
xyz=[-24.916466, 1.2153503, -53.976074]
xyz=[-24.837427, 1.2341151, -53.91162]
xyz=[-25.503506, 0.62824607, -53.596523]
xyz=[-25.330948, 0.5874909, -53.595028]
xyz=[-25.237745, 0.5030923, -53.571846]
xyz=[-25.175854, 1.0285227, -53.4305]
xyz=[-24.92985, 0.886497, -53.45687]
xyz=[-24.717155, 0.9844051, -53.58476]
xyz=[-24.554453, 0.739474, -54.08713]
xyz=[-24.558395, 0.75856555, -54.08384]
xyz=[-24.238308, 0.5918772, -53.844482]
xyz=[-24.307972, 0.6464741, -53.87049]
xyz=[-24.308224, 0.6477065, -53.869625]
xyz=[-24.598536, 0.7878913, -54.056076]
xyz=[-24.454021, 0.8356043, -53.770496]
xyz=[-24.449314, 0.85599786, -53.773376]
xyz=[-24.632095, 1.1074777, -54.277016]
xyz=[-24.497, 1.0927193, -54.10438]
xyz=[-24.358505, 1.1926565, -54.132545]
xyz=[-24.347507, 1.2226977, -54.080605]
xyz=[-24.29909, 1.2226341, -54.168613]
xyz=[-24.225992, 1.2027863, -54.165184]
xyz=[-24.546053, 1.2008139, -53.858128]
xyz=[-24.560898, 1.2393306, -53.8413]
xyz=[-24.643856, 0.6466827, -53.60027]
xyz=[-24.61323, 0.81818867, -53.66628]
xyz=[-24.49844, 0.8200613, -53.7472]
xyz=[-26.982197, 1.8988556, -54.612576]
xyz=[-25.88118, 1.3202863, -54.548527]
xyz=[-26.001902, 1.4915594, -54.553463]
xyz=[-25.971722, 1.5316099, -54.452545]
xyz=[-26.010654, 1.6502717, -54.45993]
xyz=[-27.03768, 2.7542675, -54.482727]
xyz=[-25.95002, 2.6612847, -55.242096]
xyz=[-26.272898, 1.3470231, -54.24213]
xyz=[-26.168602, 1.4712936, -54.380535]
xyz=[-25.791353, 1.7555636, -53.269928]
xyz=[-25.691761, 1.7603625, -53.373985]
xyz=[-27.432873, 2.109357, -54.171898]
xyz=[-27.257563, 2.217383, -54.354527]
xyz=[-26.879066, 2.2074711, -54.290676]
xyz=[-26.742315, 2.1935515, -53.854706]
xyz=[-26.81371, 2.5352137, -53.768623]
xyz=[-26.536983, 2.5476186, -53.99623]
xyz=[-26.882093, 2.5796087, -53.99653]
xyz=[-26.852085, 2.57809, -53.90591]
xyz=[-26.593517, 2.6435611, -54.024002]
xyz=[-27.130035, 2.5542176, -53.440044]
xyz=[-27.19458, 2.670193, -53.730427]
xyz=[-27.063213, 2.7429447, -53.57726]
xyz=[-27.140903, 2.6510181, -53.39274]
xyz=[-26.939835, 2.5710537, -53.633945]
xyz=[-26.56896, 2.7312207, -53.546413]
xyz=[-26.422884, 2.4547164, -54.101173]
xyz=[-26.387161, 2.5658264, -54.141087]
xyz=[-26.241344, 2.538197, -54.16201]
xyz=[-26.210598, 2.521914, -54.177143]
xyz=[-26.227093, 2.533845, -54.161312]
xyz=[-26.283663, 2.497968, -54.131306]
xyz=[-26.284561, 2.537502, -54.137623]
xyz=[-26.254604, 2.5318766, -54.14912]
xyz=[-26.249538, 2.5335243, -54.154186]
xyz=[-25.816483, 2.640911, -54.18323]
xyz=[-25.95755, 2.6158388, -54.0473]
xyz=[-25.661356, 2.1287014, -53.525177]
xyz=[-25.860655, 2.0559568, -53.29056]
xyz=[-25.670576, 2.4623544, -53.56494]
xyz=[-25.677563, 2.4821913, -53.506207]
xyz=[-25.827442, 2.711715, -53.328114]
xyz=[-25.417547, 2.715859, -54.4642]
xyz=[-25.129673, 2.7023485, -54.623646]
xyz=[-25.255707, 2.5823734, -54.54231]
xyz=[-25.349945, 2.6999154, -54.467537]
xyz=[-25.336256, 2.7246668, -54.48215]
xyz=[-25.238817, 2.7125568, -54.548958]
xyz=[-25.122305, 2.723566, -54.60336]
xyz=[-25.126966, 2.7317889, -54.595295]
xyz=[-25.126482, 2.7351627, -54.59682]
xyz=[-24.980455, 2.704951, -54.64707]
xyz=[-25.00667, 2.6846025, -54.60179]
xyz=[-25.08125, 2.6490092, -54.511806]
xyz=[-25.04259, 2.6829917, -54.53907]
xyz=[-25.16828, 1.4132893, -54.058384]
xyz=[-24.988548, 1.2908734, -54.150368]
xyz=[-24.707785, 1.2489895, -54.191303]
xyz=[-24.713308, 1.3041394, -54.183777]
xyz=[-25.063316, 1.6160839, -54.110565]
xyz=[-24.844774, 1.2461362, -54.01315]
xyz=[-24.763456, 1.2807828, -53.97724]
xyz=[-24.809303, 1.3421155, -54.048462]
xyz=[-25.124043, 1.5650918, -53.749447]
xyz=[-25.180946, 1.7108166, -53.989117]
xyz=[-25.128984, 1.8034965, -54.073704]
xyz=[-25.2195, 1.8359994, -53.83859]
xyz=[-25.160238, 1.8480407, -53.81365]
xyz=[-25.275702, 1.9342456, -53.815353]
xyz=[-25.108585, 1.6237003, -54.11017]
xyz=[-25.015556, 1.6860617, -53.787666]
xyz=[-24.76625, 1.6441096, -53.92265]
xyz=[-24.7889, 1.6843706, -53.877666]
xyz=[-24.774946, 1.6904992, -53.847897]
xyz=[-24.885197, 1.8057594, -53.784798]
xyz=[-25.11408, 1.9228975, -53.83938]
xyz=[-24.773046, 1.8247358, -53.794193]
xyz=[-24.69194, 1.8430998, -53.778557]
xyz=[-24.777536, 1.9427041, -53.83765]
xyz=[-24.858305, 1.9486349, -53.82333]
xyz=[-25.522228, 1.3476387, -53.166107]
xyz=[-25.006538, 1.346308, -53.6206]
xyz=[-24.863853, 1.4680033, -53.664494]
xyz=[-25.158081, 1.7330805, -53.68544]
xyz=[-25.129755, 1.7629502, -53.64554]
xyz=[-25.292898, 1.7437726, -53.56339]
xyz=[-25.508677, 1.9643633, -53.489407]
xyz=[-25.518597, 1.9145316, -53.40606]
xyz=[-25.103024, 1.6316311, -53.568077]
xyz=[-24.534761, 1.3281043, -54.14991]
xyz=[-24.59299, 1.4121388, -54.138557]
xyz=[-24.48671, 1.4144543, -54.16256]
xyz=[-24.343195, 1.244592, -54.11035]
xyz=[-24.383778, 1.3185735, -54.099518]
xyz=[-24.255991, 1.245847, -54.204437]
xyz=[-24.40161, 1.4378254, -54.204815]
xyz=[-24.31073, 1.4660928, -54.241188]
xyz=[-24.311243, 1.4836295, -54.24193]
xyz=[-24.22593, 1.4846021, -54.111282]
xyz=[-24.571068, 1.379025, -54.007576]
xyz=[-24.605104, 1.3872015, -53.981995]
xyz=[-24.632145, 1.4181131, -53.93075]
xyz=[-24.563986, 1.293472, -53.84086]
xyz=[-24.590694, 1.5067673, -53.95002]
xyz=[-24.597166, 1.5137731, -53.942944]
xyz=[-24.651186, 1.5900086, -54.02509]
xyz=[-24.346476, 1.5154318, -54.006527]
xyz=[-24.266706, 1.4977655, -54.026733]
xyz=[-24.313684, 1.5366372, -54.03771]
xyz=[-24.318577, 1.5312513, -54.034737]
xyz=[-24.30392, 1.5449456, -54.047863]
xyz=[-24.515854, 1.7261314, -54.082508]
xyz=[-24.476181, 1.7192854, -54.121346]
xyz=[-24.553764, 1.6419426, -53.977215]
xyz=[-24.606611, 1.8192608, -54.041523]
xyz=[-24.637878, 1.8401052, -54.009384]
xyz=[-24.653515, 1.8504331, -53.945107]
xyz=[-24.650864, 1.847649, -53.952137]
xyz=[-24.382177, 1.9351048, -53.860916]
xyz=[-24.643951, 1.8343567, -53.683647]
xyz=[-25.456179, 2.1244712, -53.75492]
xyz=[-24.894608, 2.044952, -53.783337]
xyz=[-24.922987, 2.0333984, -53.755383]
xyz=[-24.96571, 2.0993235, -53.8868]
xyz=[-24.830544, 2.1828835, -53.8163]
xyz=[-24.960672, 2.2117624, -53.90226]
xyz=[-24.778748, 2.2348511, -53.823463]
xyz=[-24.868801, 2.2800713, -53.768646]
xyz=[-24.758976, 2.2596247, -53.83749]
xyz=[-24.702585, 2.2754452, -53.78083]
xyz=[-24.853827, 2.3186226, -53.782555]
xyz=[-24.805542, 2.3446388, -53.749935]
xyz=[-24.749786, 2.3637886, -53.75553]
xyz=[-25.147402, 2.5782115, -54.327965]
xyz=[-25.446152, 2.380557, -53.758995]
xyz=[-25.05728, 2.6546772, -54.339695]
xyz=[-24.758118, 2.4413493, -53.767456]
xyz=[-24.758034, 2.4628356, -53.77121]
xyz=[-24.750147, 2.6268797, -53.80426]
xyz=[-24.754475, 2.6303596, -53.804577]
xyz=[-24.751272, 2.6336768, -53.807453]
xyz=[-25.460464, 2.0659292, -53.65772]
xyz=[-25.407213, 2.1789012, -53.667526]
xyz=[-25.570211, 2.090327, -53.520336]
xyz=[-25.533016, 2.1555474, -53.503765]
xyz=[-25.24709, 2.0230343, -53.66252]
xyz=[-25.360622, 2.0949783, -53.611416]
xyz=[-25.134993, 2.103771, -53.70464]
xyz=[-25.311056, 2.1250198, -53.448418]
xyz=[-25.334553, 2.2719886, -53.428658]
xyz=[-25.252066, 2.2475033, -53.486042]
xyz=[-25.511936, 2.1675596, -53.293823]
xyz=[-25.33254, 2.2241979, -53.35959]
xyz=[-25.311644, 2.2347612, -53.372402]
xyz=[-25.002052, 2.127274, -53.576077]
xyz=[-24.799202, 2.1177936, -53.684254]
xyz=[-25.0629, 2.3643227, -53.69648]
xyz=[-24.984407, 2.3243523, -53.727886]
xyz=[-25.069159, 2.23424, -53.53523]
xyz=[-24.740303, 2.3032653, -53.733997]
xyz=[-25.178474, 2.4557655, -53.698193]
xyz=[-25.200285, 2.5519865, -53.668507]
xyz=[-25.19976, 2.5328612, -53.63536]
xyz=[-25.221592, 2.4216323, -53.50013]
xyz=[-25.155386, 2.591552, -53.656574]
xyz=[-25.199594, 2.6663103, -53.652233]
xyz=[-25.220781, 2.736125, -53.626076]
xyz=[-25.268324, 2.7246394, -53.574203]
xyz=[-25.153128, 2.7000494, -53.55242]
xyz=[-25.563951, 2.5978715, -53.31624]
xyz=[-25.09494, 2.4626245, -53.742447]
xyz=[-25.020708, 2.4786534, -53.6262]
xyz=[-25.060053, 2.5415177, -53.589474]
xyz=[-24.965427, 2.5291853, -53.654167]
xyz=[-25.086582, 2.4971, -53.524975]
xyz=[-25.073202, 2.6229427, -53.72373]
xyz=[-24.62202, 2.1763315, -53.916965]
xyz=[-24.516743, 2.1592193, -54.028114]
xyz=[-24.523256, 2.154544, -54.021214]
xyz=[-24.427076, 2.1673675, -54.031208]
xyz=[-24.4815, 2.001727, -53.82375]
xyz=[-24.556126, 2.1572576, -53.75993]
xyz=[-24.35499, 2.024405, -53.918945]
xyz=[-24.56189, 2.242296, -53.97385]
xyz=[-24.56893, 2.2504773, -53.95982]
xyz=[-24.465689, 2.2836037, -53.994205]
xyz=[-24.597136, 2.3679245, -53.94466]
xyz=[-24.549562, 2.2481046, -53.89323]
xyz=[-24.556381, 2.2699616, -53.883]
xyz=[-24.586233, 2.362507, -53.875687]
xyz=[-24.50913, 2.2927198, -53.887115]
xyz=[-24.156528, 2.322009, -54.179947]
xyz=[-24.649939, 2.3807688, -53.90169]
xyz=[-24.614025, 2.5454843, -53.884537]
xyz=[-24.035845, 2.5587187, -54.20172]
xyz=[-27.46183, 2.42238, -52.923183]
xyz=[-27.28539, 2.5726175, -52.99835]
xyz=[-7.8778844, -0.056792945, -50.916508]
xyz=[-8.620572, 0.27718073, -50.95512]
xyz=[-24.802032, 5.6469364, -63.641846]
xyz=[-24.072168, 5.316688, -63.635876]
xyz=[-23.854631, 5.3599277, -63.62422]
xyz=[-23.857487, 5.4407535, -63.73342]
xyz=[-23.878231, 5.4768195, -63.638817]
xyz=[-23.771765, 5.448927, -63.781937]
xyz=[-23.7729, 5.4506683, -63.778034]
xyz=[-23.855593, 5.5631185, -63.630856]
xyz=[-23.74303, 5.7314897, -63.707558]
xyz=[-23.820301, 3.217637, -62.370358]
xyz=[-23.760738, 3.245659, -62.33684]
xyz=[-23.72854, 3.3570368, -62.339813]
xyz=[-24.805523, 3.9589467, -63.044937]
xyz=[-24.690407, 4.1224556, -63.068493]
xyz=[-24.795416, 4.2474236, -63.04778]
xyz=[-24.760391, 4.2301836, -63.052788]
xyz=[-24.479067, 3.8891194, -63.294968]
xyz=[-24.406887, 3.9413147, -63.303074]
xyz=[-24.30055, 4.0326385, -63.333115]
xyz=[-24.460411, 4.232964, -63.35797]
xyz=[-24.322233, 4.0972853, -63.344517]
xyz=[-24.591305, 4.015011, -63.142418]
xyz=[-24.639366, 3.9920137, -63.12449]
xyz=[-24.381197, 3.9604025, -63.274338]
xyz=[-24.492416, 4.148582, -63.17293]
xyz=[-24.480381, 4.2424097, -63.21003]
xyz=[-24.592257, 4.118347, -63.090424]
xyz=[-24.577066, 4.112753, -63.06174]
xyz=[-24.627377, 4.169667, -63.02402]
xyz=[-24.462463, 4.1024346, -63.094448]
xyz=[-24.419022, 4.095651, -63.279415]
xyz=[-24.045109, 3.9349158, -63.51647]
xyz=[-24.091997, 4.005312, -63.466854]
xyz=[-24.080637, 4.0615816, -63.41295]
xyz=[-24.09303, 4.1695704, -63.413208]
xyz=[-24.17974, 4.2615256, -63.38832]
xyz=[-25.733044, 5.4093776, -63.189907]
xyz=[-24.804338, 4.2715793, -63.036694]
xyz=[-24.988745, 5.020277, -62.982742]
xyz=[-24.804914, 4.9265027, -63.226063]
xyz=[-24.814384, 4.9239097, -63.208427]
xyz=[-24.673355, 4.981657, -62.842712]
xyz=[-24.87251, 5.013157, -62.71546]
xyz=[-24.43555, 4.316464, -63.395947]
xyz=[-24.532839, 4.4083557, -63.356003]
xyz=[-24.197351, 4.295881, -63.4263]
xyz=[-24.25489, 4.319101, -63.320038]
xyz=[-24.228937, 4.3953032, -63.334984]
xyz=[-24.476147, 4.469385, -63.358078]
xyz=[-24.400864, 4.535212, -63.387234]
xyz=[-24.414515, 4.5138264, -63.36262]
xyz=[-24.268116, 4.4740767, -63.409634]
xyz=[-24.215128, 4.527467, -63.455093]
xyz=[-24.425127, 4.5740647, -63.368538]
xyz=[-23.819021, 4.5279098, -63.325314]
xyz=[-24.362238, 4.682462, -63.382523]
xyz=[-23.97817, 4.6957016, -63.49803]
xyz=[-23.964521, 4.700147, -63.516167]
xyz=[-23.99553, 4.749119, -63.4974]
xyz=[-24.064184, 4.805041, -63.437054]
xyz=[-23.834358, 4.7392263, -63.62084]
xyz=[-23.831842, 4.796068, -63.576553]
xyz=[-24.137943, 4.9250565, -63.12034]
xyz=[-24.052885, 4.9027524, -63.10037]
xyz=[-24.119305, 4.950368, -63.099648]
xyz=[-24.912819, 5.1807694, -63.084335]
xyz=[-24.68513, 5.170178, -63.139378]
xyz=[-24.804384, 5.170786, -62.997635]
xyz=[-25.1274, 5.319891, -63.18603]
xyz=[-25.011549, 5.2894144, -62.986897]
xyz=[-25.030754, 5.3152614, -63.031006]
xyz=[-24.76197, 5.377188, -63.160107]
xyz=[-24.833084, 5.2305484, -63.102222]
xyz=[-24.871214, 5.325107, -63.082405]
xyz=[-24.74118, 5.3147736, -63.094368]
xyz=[-25.589394, 5.440973, -63.239933]
xyz=[-25.492292, 5.5416446, -63.288246]
xyz=[-25.188496, 5.5253696, -63.255157]
xyz=[-25.50107, 5.6540537, -63.27346]
xyz=[-25.457455, 5.6769433, -63.278614]
xyz=[-25.209059, 5.6608925, -62.99339]
xyz=[-25.07348, 5.470627, -63.0133]
xyz=[-25.128208, 5.5451164, -62.96762]
xyz=[-25.127449, 5.587809, -63.0051]
xyz=[-24.933523, 5.560106, -63.084743]
xyz=[-24.929232, 5.5553474, -63.037132]
xyz=[-24.869415, 5.409434, -63.07992]
xyz=[-24.891592, 5.4765444, -62.992268]
xyz=[-24.737288, 5.598811, -63.073833]
xyz=[-25.382288, 5.221014, -62.93907]
xyz=[-25.174894, 5.239474, -62.94839]
xyz=[-25.203835, 5.0587335, -62.627285]
xyz=[-24.855177, 5.192579, -62.804432]
xyz=[-24.826454, 5.271925, -62.80674]
xyz=[-24.699076, 5.31152, -62.831734]
xyz=[-24.85052, 5.269152, -62.75488]
xyz=[-24.661123, 5.2252545, -62.778416]
xyz=[-25.25308, 5.6096206, -62.92001]
xyz=[-25.249523, 5.6216426, -62.917664]
xyz=[-25.23821, 5.6374316, -62.934166]
xyz=[-25.227974, 5.681508, -62.84702]
xyz=[-25.291424, 5.7208996, -62.76814]
xyz=[-25.243399, 5.7148943, -62.770264]
xyz=[-25.389235, 5.725577, -62.538013]
xyz=[-25.375029, 5.7755837, -62.477207]
xyz=[-25.31363, 5.7105756, -62.52524]
xyz=[-25.290964, 5.7104897, -62.54555]
xyz=[-25.213753, 5.7301617, -62.576263]
xyz=[-24.694086, 5.4220967, -62.835217]
xyz=[-24.366205, 5.298221, -63.464214]
xyz=[-24.246235, 5.2745624, -63.439053]
xyz=[-24.336128, 5.3521314, -63.453934]
xyz=[-24.6119, 5.1173077, -62.983658]
xyz=[-24.516218, 5.2421026, -63.185497]
xyz=[-24.481491, 5.378007, -63.10262]
xyz=[-24.227663, 5.2869983, -63.16811]
xyz=[-24.24919, 5.4052625, -63.260128]
xyz=[-24.10871, 5.1278267, -63.428596]
xyz=[-24.096992, 5.1548285, -63.439907]
xyz=[-23.814459, 5.202527, -63.57096]
xyz=[-23.820303, 5.211572, -63.486183]
xyz=[-23.73032, 5.1965933, -63.538193]
xyz=[-24.013277, 5.269696, -63.513153]
xyz=[-23.975733, 5.404819, -63.60609]
xyz=[-24.183777, 5.3083, -63.441296]
xyz=[-23.964293, 5.2463226, -63.442993]
xyz=[-23.99057, 5.254968, -63.303375]
xyz=[-24.180443, 5.3272824, -63.439323]
xyz=[-23.763834, 5.269558, -63.5918]
xyz=[-23.837027, 5.235686, -63.476444]
xyz=[-23.73249, 5.2571206, -63.540592]
xyz=[-23.79906, 5.301784, -63.47637]
xyz=[-23.933067, 5.2525907, -63.433716]
xyz=[-23.995445, 5.3774223, -63.25162]
xyz=[-24.011602, 5.396582, -63.24798]
xyz=[-24.599236, 5.432125, -63.34922]
xyz=[-24.43507, 5.4527116, -63.401577]
xyz=[-24.6338, 5.5798917, -63.384007]
xyz=[-24.394337, 5.435295, -63.434402]
xyz=[-24.363333, 5.5255423, -63.305447]
xyz=[-24.494379, 5.7413154, -63.300297]
xyz=[-24.413641, 5.4921784, -63.24372]
xyz=[-24.343105, 5.458349, -63.265057]
xyz=[-24.216427, 5.4863515, -63.25122]
xyz=[-24.250937, 5.5931873, -63.29279]
xyz=[-24.645933, 5.708662, -63.099194]
xyz=[-24.336792, 5.7767305, -63.21273]
xyz=[-24.274977, 5.70934, -63.25053]
xyz=[-24.007416, 5.455439, -63.527893]
xyz=[-24.009274, 5.481183, -63.534042]
xyz=[-24.001698, 5.4876485, -63.53317]
xyz=[-24.044453, 5.4228206, -63.338562]
xyz=[-24.014324, 5.4454737, -63.305973]
xyz=[-24.106472, 5.51115, -63.317368]
xyz=[-24.02933, 5.528982, -63.311794]
xyz=[-23.997543, 5.504653, -63.34949]
xyz=[-24.041012, 5.5751386, -63.363407]
xyz=[-24.035728, 5.6428256, -63.363575]
xyz=[-24.005577, 5.6626444, -63.349476]
xyz=[-23.997263, 5.6469784, -63.329136]
xyz=[-24.152388, 5.745434, -63.334362]
xyz=[-24.15413, 5.7457037, -63.32948]
xyz=[-23.97547, 5.7136445, -63.397995]
xyz=[-23.902035, 5.6299543, -63.359974]
xyz=[-23.750998, 5.59777, -63.43875]
xyz=[-23.974178, 5.409893, -63.252144]
xyz=[-24.645294, 5.0724354, -62.89121]
xyz=[-24.637733, 5.0903907, -62.897625]
xyz=[-24.567097, 5.0955124, -62.92335]
xyz=[-24.640938, 5.185173, -62.861652]
xyz=[-21.782356, 3.9866135, -63.75922]
xyz=[-21.814806, 4.052229, -63.72239]
xyz=[-21.756987, 4.0494184, -63.774654]
xyz=[-21.664803, 4.14809, -63.838726]
xyz=[-21.79757, 4.121717, -63.689583]
xyz=[-21.681395, 4.089588, -63.76768]
xyz=[-21.692259, 4.1043468, -63.738213]
xyz=[-21.673988, 4.099316, -63.772675]
xyz=[-21.64851, 4.245664, -63.767952]
xyz=[-21.672972, 4.255519, -63.757877]
xyz=[-21.61262, 4.1015453, -63.836987]
xyz=[-23.506382, 4.9472146, -63.633007]
xyz=[-23.368809, 4.974669, -63.646606]
xyz=[-23.185717, 5.0118947, -63.80216]
xyz=[-23.2072, 5.020715, -63.7826]
xyz=[-22.12593, 4.789038, -63.65268]
xyz=[-22.096315, 4.829607, -63.67042]
xyz=[-21.9333, 4.678388, -63.640995]
xyz=[-23.315544, 5.555826, -64.28678]
xyz=[-23.60692, 5.2006507, -63.6401]
xyz=[-23.490416, 5.0472903, -63.73441]
xyz=[-23.701591, 5.2988935, -63.865868]
xyz=[-23.582943, 5.2580996, -63.81642]
xyz=[-23.233109, 5.114626, -63.90538]
xyz=[-23.147367, 5.077344, -63.805656]
xyz=[-23.122843, 5.078446, -63.818985]
xyz=[-23.146269, 5.1388116, -63.884296]
xyz=[-23.12918, 5.1503544, -63.939945]
xyz=[-23.092693, 5.1477447, -63.933437]
xyz=[-23.131683, 5.133376, -63.90068]
xyz=[-23.236826, 5.0631094, -63.707153]
xyz=[-23.504755, 5.564067, -64.025475]
xyz=[-23.437103, 5.691174, -64.13522]
xyz=[-23.305248, 5.7506475, -64.21898]
xyz=[-23.459442, 5.630069, -64.04223]
xyz=[-23.470764, 5.6295404, -64.00494]
xyz=[-23.697111, 5.523912, -63.639656]
xyz=[-23.685781, 5.5232587, -63.635372]
xyz=[-23.591366, 5.5434504, -63.781574]
xyz=[-23.497303, 5.5695295, -63.74149]
xyz=[-23.56952, 5.564234, -63.62446]
xyz=[-23.315495, 5.4675884, -63.829964]
xyz=[-23.424269, 5.5813026, -63.809044]
xyz=[-23.319715, 5.522693, -63.93598]
xyz=[-23.264122, 5.4883327, -63.716534]
xyz=[-23.40051, 5.5458174, -63.705902]
xyz=[-23.703724, 5.680729, -63.721134]
xyz=[-23.341166, 5.625034, -63.831173]
xyz=[-23.423664, 5.7301965, -63.88627]
xyz=[-23.386082, 5.675779, -63.78468]
xyz=[-23.350796, 5.7180567, -63.675278]
xyz=[-23.332714, 5.7221255, -63.683765]
xyz=[-23.230139, 5.760352, -64.237114]
xyz=[-23.225388, 5.7744656, -64.23229]
xyz=[-23.22472, 5.519315, -63.71635]
xyz=[-23.207067, 5.7362347, -63.691822]
xyz=[-22.735718, 5.7233834, -63.744106]
xyz=[-22.769814, 5.7406654, -63.686035]
xyz=[-22.34764, 5.766313, -63.720623]
xyz=[-22.317715, 5.764251, -63.740288]
xyz=[-22.21913, 5.760826, -63.726902]
xyz=[-22.22704, 5.7846475, -63.701817]
xyz=[-21.761147, 4.3320036, -63.74599]
xyz=[-21.726295, 4.361766, -63.71699]
xyz=[-21.761345, 4.417583, -63.756786]
xyz=[-21.689217, 4.40619, -63.757977]
xyz=[-21.653795, 4.4361176, -63.784462]
xyz=[-21.581959, 4.3018064, -63.845013]
xyz=[-21.607231, 4.308834, -63.798176]
xyz=[-21.700033, 4.4838276, -63.852516]
xyz=[-21.73683, 4.496823, -63.732655]
xyz=[-21.815653, 4.5875216, -63.754765]
xyz=[-21.545792, 4.6448607, -63.842186]
xyz=[-21.644434, 4.703561, -63.835854]
xyz=[-21.726282, 4.7649903, -63.843304]
xyz=[-21.815664, 4.7936206, -63.714443]
xyz=[-21.7649, 4.8103027, -63.74104]
xyz=[-21.754837, 4.8280196, -63.741905]
xyz=[-21.760628, 4.8289824, -63.73544]
xyz=[-21.580112, 4.740302, -63.83562]
xyz=[-21.494993, 4.6704164, -63.884586]
xyz=[-21.498457, 4.666392, -63.87444]
xyz=[-21.486725, 4.697673, -63.8673]
xyz=[-21.388582, 4.746424, -63.917175]
xyz=[-21.56861, 4.8134236, -63.68256]
xyz=[-21.649935, 4.8577957, -63.78624]
xyz=[-22.898088, 3.053181, -63.364067]
xyz=[-23.069487, 2.8609443, -63.29251]
xyz=[-23.31688, 3.4746392, -63.11201]
xyz=[-23.023048, 3.317637, -63.47693]
xyz=[-22.97495, 3.355397, -63.56109]
xyz=[-22.88778, 3.3306608, -63.488667]
xyz=[-22.877766, 3.3416216, -63.49112]
xyz=[-22.885073, 3.3394423, -63.47536]
xyz=[-22.878157, 3.3602383, -63.48343]
xyz=[-22.888298, 3.3531954, -63.472824]
xyz=[-22.81184, 3.419582, -63.52663]
xyz=[-23.08341, 3.374532, -63.03541]
xyz=[-23.11591, 3.4119613, -63.000225]
xyz=[-23.115726, 3.489598, -63.109577]
xyz=[-23.09032, 3.4990335, -63.03854]
xyz=[-22.878635, 2.9309106, -62.8301]
xyz=[-22.975784, 2.7734272, -62.64256]
xyz=[-22.963612, 2.7680035, -62.659927]
xyz=[-22.947157, 2.76074, -62.647526]
xyz=[-22.809652, 2.942584, -62.791325]
xyz=[-23.140873, 2.9669633, -62.727333]
xyz=[-23.201502, 3.0206225, -62.66399]
xyz=[-23.111713, 3.0386477, -62.72553]
xyz=[-22.961052, 3.0387735, -62.740376]
xyz=[-23.007315, 2.984172, -62.64349]
xyz=[-22.927338, 2.9542413, -62.688354]
xyz=[-22.86539, 3.0280504, -62.739273]
xyz=[-22.852472, 3.0329783, -62.714558]
xyz=[-22.921133, 3.0843618, -62.747444]
xyz=[-22.99067, 2.782262, -62.628822]
xyz=[-22.98496, 2.7834277, -62.635033]
xyz=[-22.896944, 2.7773554, -62.610657]
xyz=[-22.905527, 2.7846498, -62.604553]
xyz=[-23.020939, 2.908861, -62.63601]
xyz=[-23.243046, 3.0273678, -62.612244]
xyz=[-23.107836, 3.1352766, -62.59456]
xyz=[-23.425783, 3.441655, -62.913692]
xyz=[-23.332441, 3.440153, -62.901722]
xyz=[-23.455164, 3.4134245, -62.80041]
xyz=[-23.57317, 3.1740189, -62.50318]
xyz=[-23.399363, 3.3196304, -62.596184]
xyz=[-23.66687, 3.390145, -62.326668]
xyz=[-23.458614, 3.4441028, -62.61439]
xyz=[-23.098005, 3.1627557, -62.584755]
xyz=[-23.031239, 3.2736392, -62.63435]
xyz=[-22.67367, 3.0383105, -63.499706]
xyz=[-22.635134, 3.1809661, -63.52901]
xyz=[-22.635529, 3.1490092, -63.460384]
xyz=[-22.74047, 3.4352427, -63.595436]
xyz=[-22.756895, 3.4589016, -63.49668]
xyz=[-22.627836, 3.2773106, -63.221706]
xyz=[-22.654247, 3.3085132, -63.239883]
xyz=[-22.621956, 3.3024247, -63.193924]
xyz=[-22.314083, 3.4979715, -63.269775]
xyz=[-22.28291, 3.4850025, -63.234566]
xyz=[-22.78662, 2.9965813, -62.747185]
xyz=[-23.216898, 3.8748806, -63.055294]
xyz=[-23.160988, 3.8766952, -63.063866]
xyz=[-23.161463, 3.8813355, -63.05958]
xyz=[-22.942667, 3.7380593, -63.087364]
xyz=[-22.984032, 3.7079773, -62.998123]
xyz=[-22.817593, 3.7211914, -62.992073]
xyz=[-22.84123, 3.7561877, -63.02817]
xyz=[-22.919231, 3.8215322, -62.995316]
xyz=[-22.835087, 3.8751972, -62.991714]
xyz=[-23.288265, 3.9123821, -63.043964]
xyz=[-23.305855, 3.9205518, -62.988132]
xyz=[-23.39926, 4.173229, -62.98111]
xyz=[-23.006895, 4.209213, -62.99877]
xyz=[-22.923832, 4.224218, -63.038963]
xyz=[-22.84431, 4.2530246, -63.037388]
